val
-0.10845
-0.040691
0.043352
0.133772
0.224992
-0.096337
0.252703
-0.042642
0.048317
0.026556
-0.092976
-0.030239
-0.030138
0.014818
0.093787
-0.035451
-0.124629
-0.075761
-0.067129
-0.058831
-0.058478
0.016592
0.333413
0.079127
-0.005326
0.092745
0.050598
0.003053
-0.087101
-0.060547
0.021841
-0.069327
0.017599
-0.088165
-0.283411
0.028378
-0.017665
-0.018327
-0.052263
0.193956
-0.317333
0.080996
0.291286
-0.445428
-0.159773
0.343574
0.187828
0.102896
-0.059945
-0.358739
0.13689
0.141837
-0.243576
-0.370964
-0.52044
0.308839
-0.098723
0.137713
0.270748
0.448917
-0.010381
0.011277
-0.006084
0.10655
0.085947
-0.033382
0.001516
0.051054
-0.029448
0.006781
0.034866
0.001052
-0.011001
-0.05327
0.009761
-0.029822
-0.020337
-0.021782
-0.016437
-0.029173
0.051449
-0.141851
-0.125815
-0.063999
-0.011818
-0.085073
-0.031207
0.035621
0.073666
-0.031701
0.055945
0.112105
-0.000862
0.039871
0.022887
-0.020626
0.046145
-5.3e-05
0.008916
-0.015732
-0.028924
0.024459
-0.167232
-0.004873
-0.041307
0.016889
-0.013722
0.008139
0.035081
0.005043
-0.014936
0.000806
-0.009896
-0.009937
0.155165
-0.034362
0.052671
-0.002702
0.012528
0.004934
-0.042138
-0.05234
-0.068033
-0.035251
-0.020958
0.020863
0.016436
0.014408
0.005924
0.01017
0.009298
0.02937
0.011761
0.014644
0.036574
0.014372
-0.011405
-0.002148
0.023284
-0.002646
0.064525
-0.02233
-0.00281
0.142243
0.24354
-0.002576
0.053268
-0.115396
0.015312
-0.063072
0.024859
0.100699
-0.052486
-0.143658
-0.027097
0.124745
-0.061055
-0.224307
-0.007682
-0.087809
0.055839
-0.036177
0.047655
-0.007766
0.031217
-0.032708
-0.004883
-0.027518
0.002652
0.002549
0.011066
-0.000231
0.027834
0.014373
-0.001629
-0.014603
-0.042349
-0.029744
0.029447
-0.021216
