tsne_1 tsne_2 label subject_code visual_run_index
-10.97890282 -25.51993561 0 0 0
27.38881493 -23.95397377 0 0 1
-23.00120926 -8.95919609 0 0 2
-23.00794983 -8.94729328 0 0 3
-22.92681694 -9.86955357 0 0 4
-22.51546669 -11.62215233 0 0 5
-7.40191126 -6.84637737 0 0 6
18.71511650 2.77374291 0 0 7
4.03639126 -26.71247101 0 0 8
-7.38090897 -7.54394293 0 0 9
18.19738007 3.01656151 0 0 10
16.59991837 -15.06651592 0 0 11
-2.13328266 -16.44485474 0 0 12
-1.51630056 -7.69201708 0 0 13
-1.37508583 -6.34171009 0 0 14
3.47389460 -5.57379675 0 0 15
1.63143647 3.56596994 0 0 16
26.84230232 7.46109152 0 0 17
-0.29006800 6.34859753 0 0 18
0.66764307 6.47654867 0 0 19
-2.69003057 -0.16988306 0 0 20
-6.31696320 1.25549424 0 0 21
0.35426566 3.89368558 0 0 22
-0.80463284 3.36395001 0 0 23
-3.56662178 6.04245901 0 0 24
-1.01930165 6.46296120 0 0 25
-2.07410574 -0.73515606 0 0 26
-2.13853145 3.93690753 0 0 27
-1.96846855 4.92497492 0 0 28
-2.43063283 5.84938192 0 0 29
-1.19597280 4.10537338 0 0 30
-3.22159314 6.09076357 0 0 31
-0.30226710 4.70424891 0 0 32
-9.53243351 -4.65533352 0 0 33
-3.28034306 9.83531380 0 0 34
-2.74226546 0.79453105 0 0 35
-35.77999878 20.91765785 0 0 36
-37.19819641 19.31572723 0 0 37
-38.07229614 19.81643486 0 0 38
-38.92169189 19.97953415 0 0 39
-38.97992325 17.92470551 0 0 40
-41.78247833 17.76404953 0 0 41
-40.08720779 18.73246765 0 0 42
-40.91667175 17.60757065 0 0 43
-39.95223618 16.98658180 0 0 44
-39.98617554 16.84493446 0 0 45
-39.93153763 17.11381531 0 0 46
-39.98141861 18.19853401 0 0 47
-40.82364655 17.45273590 0 0 48
-40.26110458 16.09439850 0 0 49
-40.64123917 13.76686382 0 0 50
-41.17134476 10.13853550 0 0 51
-37.53537750 -0.71746999 0 0 52
-35.87705612 -2.67965412 0 0 53
-32.16054916 -5.05323124 0 0 54
-27.77006340 -7.94913816 0 0 55
-23.61519623 -6.72112560 0 0 56
-22.65188217 13.39333248 0 0 57
-2.01062584 6.00533533 0 0 58
7.83309746 -23.98172569 0 1 59
-11.79332638 1.83649659 0 1 60
-6.90388584 -24.62357903 0 1 61
33.74005890 -0.21909943 0 1 62
-1.52147448 -13.97556686 0 1 63
23.89910889 11.93362045 0 1 64
23.62011528 10.18495464 0 1 65
30.04179192 -9.06758404 0 1 66
-3.14406800 -0.48540846 0 1 67
-7.62972975 -0.03470042 0 1 68
-6.98838329 -23.27051926 0 1 69
33.54640198 -0.18211985 0 1 70
-10.98919678 -0.84010804 0 1 71
15.59161282 17.97441483 0 1 72
10.66871262 -31.14381981 0 1 73
0.75888199 -25.93538284 0 1 74
16.63660049 7.91560173 0 1 75
-14.56309605 -12.97750378 0 1 76
8.86664581 13.70821857 0 1 77
-4.04286146 -26.47321701 0 1 78
-10.11427689 -20.39364433 0 1 79
4.45359087 -0.23588565 0 1 80
5.85109520 11.27546406 0 1 81
9.08003902 9.81318474 0 1 82
5.49267054 6.71101379 0 1 83
1.93477225 -1.59375608 0 1 84
-4.38273811 -4.72237253 0 1 85
-7.16526461 1.46664429 0 1 86
-0.27101824 10.19441700 0 1 87
-9.48975754 1.76346445 0 1 88
-10.44132233 -22.58111954 0 1 89
-10.23614025 -22.81406975 0 1 90
4.95356655 -19.43425941 0 1 91
20.51047325 -11.63682270 0 1 92
-8.80925465 -2.35257387 0 1 93
34.39048767 6.80812645 0 1 94
23.50646591 -3.80684114 0 1 95
-7.98841238 -15.45844460 0 1 96
7.47889280 5.62371540 0 1 97
7.15472412 8.04162979 0 1 98
25.10493469 3.18925738 0 1 99
30.03694916 -19.23729324 0 1 100
7.65846920 17.97437668 0 1 101
-6.56389284 -0.89732492 0 1 102
1.59208834 9.30641937 0 1 103
29.62398338 -19.01770592 0 1 104
24.37345123 0.46406704 0 2 105
21.77429581 -1.21074367 0 2 106
-1.41543305 -4.67452288 0 2 107
-6.75555038 -20.79722977 0 2 108
30.20095444 1.54897177 0 2 109
-0.58451486 -0.30471769 0 2 110
4.78399658 -22.40239143 0 2 111
-7.90334225 -21.82843208 0 2 112
9.84743977 -19.91936111 0 2 113
2.76783895 -17.87247086 0 2 114
3.41218734 -8.61622047 0 2 115
-9.84072399 -20.86851883 0 2 116
-2.77359176 -2.87666774 0 2 117
25.59451103 -6.36540127 0 2 118
-2.72065949 -9.65611649 0 2 119
21.81735039 -7.51312208 0 2 120
18.15801239 -12.96495819 0 2 121
13.59198475 -28.13667488 0 2 122
22.54269981 -19.49489784 0 2 123
-5.71991825 -17.80643463 0 2 124
4.45165634 -14.81555080 0 2 125
14.31352711 19.77662468 0 2 126
6.06268215 16.29707527 0 2 127
25.05573273 -2.96484399 0 2 128
13.17566013 7.72238350 0 2 129
24.55151367 -9.67804718 0 2 130
10.94282532 -18.34921074 0 2 131
18.10459709 -14.20421982 0 2 132
14.71560860 -15.58190536 0 2 133
8.91110134 -5.69370651 0 2 134
12.61333466 -14.08845043 0 2 135
17.70436287 -12.95216846 0 2 136
13.73528290 -15.95672798 0 2 137
10.68550014 1.66135585 0 2 138
22.27744484 3.31057811 0 2 139
19.45592880 9.70017433 0 2 140
22.16347313 -7.85683155 0 2 141
6.01624107 -14.44642067 0 2 142
-4.20431805 -6.20169020 0 2 143
4.12758255 -2.92884088 0 2 144
-9.71936226 -24.73164368 0 2 145
0.74241376 -15.32268238 0 2 146
19.15580559 -1.15107715 0 2 147
12.80639076 -2.84007192 0 2 148
22.30454636 3.28717661 0 2 149
12.93928432 -27.78222084 0 2 150
24.52688026 -20.34485245 0 2 151
-6.87129879 -14.43023968 0 2 152
7.02890491 -5.35300922 0 2 153
9.92761230 11.05688095 0 2 154
19.22525597 -5.12727404 0 2 155
-1.21672535 -3.56918335 0 2 156
9.35107422 -12.15430164 0 2 157
9.46633530 -13.89376354 0 2 158
2.43811393 -6.84772110 0 2 159
11.85748482 -15.49819851 0 2 160
21.08355904 -17.08419800 0 2 161
24.61074066 -8.18887424 0 2 162
23.58886909 5.47978449 0 2 163
11.30191898 -26.03983116 0 2 164
24.60360336 -19.95663643 0 2 165
8.54626369 -21.05675507 0 2 166
11.83966827 -6.96269751 0 2 167
11.98934364 -17.87530708 0 2 168
31.67312622 3.42830205 0 2 169
26.32302856 -4.57083368 0 2 170
22.95046043 -14.68850422 0 3 171
-7.11730814 -18.63828659 0 3 172
6.62429619 -26.13137245 0 3 173
17.07798195 -6.89013577 0 3 174
-0.49801975 -12.02057648 0 3 175
26.91348457 12.27923679 0 3 176
24.41021919 -5.30025482 0 3 177
14.79810333 4.38032484 0 3 178
27.49084091 1.73512399 0 3 179
12.58111382 3.37520790 0 3 180
26.39559555 -7.62577152 0 3 181
-3.04618263 -8.20458603 0 3 182
0.46632737 -18.79069710 0 3 183
6.83453560 13.36195946 0 3 184
-9.29761600 -11.74265766 0 3 185
-10.18962002 -16.90395546 0 3 186
19.55628204 -0.10123862 0 3 187
10.40056992 15.85461712 0 3 188
28.06407547 11.01081085 0 3 189
22.65551567 -6.31278133 0 3 190
17.20780373 -6.95843792 0 3 191
23.52062416 2.23345590 0 3 192
15.26746941 20.72651863 0 3 193
9.56760502 12.24326134 0 3 194
21.56940269 -14.90299511 0 3 195
-7.00143290 -12.06765652 0 3 196
5.70461035 -22.84078217 0 3 197
-3.08791232 -14.71923637 0 3 198
-3.62124491 -23.56236649 0 3 199
-5.99350691 2.11518741 0 3 200
2.84360099 -19.81666946 0 3 201
7.32757378 -29.90308762 0 3 202
-14.00951004 -17.95717430 0 3 203
-6.30313158 4.67258549 0 3 204
-9.05268097 -9.04628754 0 3 205
8.13809967 -21.27574730 0 3 206
-7.04418087 -25.21101570 0 3 207
33.68771744 -0.25477979 0 3 208
20.46256256 -7.43329191 0 3 209
16.01344872 4.53390503 0 3 210
11.54989147 -21.72655487 0 3 211
-2.86955333 -21.04270172 0 3 212
7.18776798 9.92297745 0 3 213
23.72591782 -12.44741917 0 3 214
14.56504250 -25.86664391 0 3 215
32.38721085 -7.87596178 0 3 216
0.45505086 -13.45313740 0 3 217
-4.08664608 3.06357884 0 3 218
0.64010561 17.23902321 0 3 219
13.97634792 15.83182335 0 3 220
26.19235039 -14.30852222 0 3 221
-3.71591496 -19.01786995 0 3 222
-9.29815960 -9.56558323 0 3 223
1.33020556 -13.66912651 0 3 224
-7.83522081 4.13513708 0 14 225
-6.66837025 -4.12950611 0 14 226
7.26537895 7.60692453 0 14 227
8.63239765 6.59801912 0 14 228
13.78203392 4.57438898 0 14 229
33.65872955 3.97237349 0 14 230
-1.54379034 11.45309353 0 14 231
-12.44381332 -2.37785649 0 14 232
-17.18455696 -6.67670488 0 14 233
-17.65612030 -10.12846661 0 14 234
-14.46346855 -6.02052212 0 14 235
-15.00347614 -9.42104721 0 14 236
-6.62531614 7.74696016 0 14 237
6.20958471 5.25462580 0 14 238
33.65163803 -4.60584164 0 14 239
-1.23885763 11.06665325 0 14 240
-10.13471127 -4.49175930 0 14 241
27.39211273 -23.61182404 0 14 242
-20.50440979 -9.44015694 0 14 243
-20.67465401 -9.41103745 0 14 244
24.54368782 -13.44595051 0 14 245
-5.33366537 -18.02522850 0 14 246
4.55500984 10.29825687 0 14 247
12.87469578 12.07770157 0 14 248
-3.65459681 12.33537579 0 14 249
23.84769821 10.94558239 0 14 250
30.89600563 -7.04771757 0 14 251
-12.10515022 -1.18781042 0 14 252
-12.24563789 0.91224462 0 14 253
-10.51386070 -12.51561642 0 14 254
-19.13059807 -16.16776276 0 14 255
-3.36354423 -17.91148567 0 14 256
-4.73563242 8.91218185 0 14 257
25.77581787 -16.60705948 0 14 258
-5.33730268 -18.08247375 0 14 259
-3.65474629 12.38296318 0 14 260
0.41379282 -5.01671553 0 14 261
-2.43840170 8.59922886 0 14 262
-2.56009340 7.53852606 0 14 263
-12.58852673 -2.32270193 0 14 264
-17.31480026 -6.74848270 0 14 265
-22.25347519 -9.12471676 0 14 266
26.50811577 -10.45587921 0 14 267
-3.90194941 -11.09421921 0 14 268
-6.15491199 7.11274862 0 14 269
4.96245623 10.13827419 0 14 270
8.81807423 8.92025852 0 14 271
3.98690343 11.02596188 0 14 272
14.78865433 12.80109882 0 14 273
-1.02574968 7.05381870 0 14 274
0.43779334 8.09353924 0 14 275
31.09440994 -2.30627751 0 14 276
-5.33896494 28.13697243 0 15 277
-4.74453163 26.80973625 0 15 278
-3.97008491 24.38397789 0 15 279
-7.42787981 24.62911224 0 15 280
-7.04852819 21.82216835 0 15 281
-7.93856096 20.09914589 0 15 282
-8.71219349 19.09525299 0 15 283
-15.82201004 -2.45082235 0 15 284
-18.10330391 -4.05607939 0 15 285
-19.66365623 -15.66882038 0 15 286
-18.47404671 -0.57993752 0 15 287
-21.06841660 -0.76979941 0 15 288
16.24117279 12.30259800 0 15 289
-6.13699341 31.41888809 0 15 290
-5.68206167 30.20875549 0 15 291
-5.69649792 28.15620995 0 15 292
-5.40095186 25.83713722 0 15 293
-6.06800032 24.26982689 0 15 294
-7.42223549 22.23466682 0 15 295
-8.68533134 19.89291573 0 15 296
-5.62853289 18.14069176 0 15 297
-16.12727928 -1.15250576 0 15 298
-18.51325798 -2.26968765 0 15 299
-21.99802780 0.56970245 0 15 300
-22.23004723 3.16231322 0 15 301
-33.26119614 5.57741833 0 15 302
-3.70192480 30.98356819 0 15 303
-3.39415622 30.56947327 0 15 304
-3.76566148 28.02878571 0 15 305
-5.33523417 24.39044571 0 15 306
-5.37059355 22.42739868 0 15 307
-5.46558285 20.92284584 0 15 308
-9.26081848 20.19134712 0 15 309
-15.70078754 -3.92799091 0 15 310
-18.06340027 -3.70692611 0 15 311
-19.75274849 -15.57929897 0 15 312
-19.48262024 -2.30430794 0 15 313
-20.08164787 3.60460925 0 15 314
-36.63282776 6.31396008 0 15 315
6.26665640 13.55338287 0 15 316
-6.78692055 28.13920975 0 15 317
-3.97600651 25.67529869 0 15 318
-3.78704786 15.32177925 0 15 319
-5.59419060 18.04134941 0 15 320
-15.44518280 -0.86412042 0 15 321
-17.24667931 -1.38388193 0 15 322
-20.39454651 0.40339142 0 15 323
-21.46832085 2.39851999 0 15 324
-34.39682007 5.81854534 0 15 325
-4.63318777 31.12177277 0 15 326
-5.29907274 30.03337097 0 15 327
-5.70110941 28.03534317 0 15 328
-5.67123318 25.51095581 0 15 329
-6.00635338 24.78792381 0 15 330
-7.13792372 23.45932388 0 15 331
-8.92157745 21.59971428 0 15 332
-9.85598660 18.97532082 0 15 333
-16.28364182 -3.17759562 0 15 334
-11.94282246 -6.78643084 0 15 335
-19.52179527 0.52482641 0 15 336
-20.79323387 1.47599256 0 15 337
-21.17630005 1.92485523 0 15 338
-21.16376305 2.71924305 0 15 339
-4.77946854 31.35687065 0 15 340
-5.31268978 30.15293884 0 15 341
-5.99876404 28.33350182 0 15 342
-5.88560820 26.13335419 0 15 343
-6.47307205 24.50164413 0 15 344
-7.11089087 22.37903214 0 15 345
-8.35511684 20.21479416 0 15 346
-9.11905193 18.52279091 0 15 347
-9.97941685 18.82925797 0 15 348
-16.30911255 -2.52684879 0 15 349
-17.23622894 -2.38199449 0 15 350
-17.84206390 -1.89679778 0 15 351
-18.43234825 -0.98654354 0 15 352
-20.07411003 0.46131161 0 15 353
-21.81500053 0.97671378 0 15 354
-21.98845291 2.97211099 0 15 355
-4.77140236 32.23052216 0 15 356
-5.46312284 30.81273079 0 15 357
-5.73654938 28.95141029 0 15 358
-5.58448553 27.57893372 0 15 359
-5.54236889 25.69406700 0 15 360
-6.15857649 23.74591255 0 15 361
-13.42542267 8.28222561 0 16 362
-13.23079967 6.19667625 0 16 363
-11.75389290 10.78788376 0 16 364
-11.92181587 15.64353275 0 16 365
-8.94336700 17.16895676 0 16 366
2.14442635 24.03960800 0 16 367
2.64932680 25.19333076 0 16 368
4.23541498 27.74326134 0 16 369
7.42830181 29.45461845 0 16 370
-13.27853489 8.30648136 0 16 371
-14.61269760 6.62906361 0 16 372
-10.10115528 6.30516624 0 16 373
-9.18953228 15.25473976 0 16 374
-10.69334888 12.42338085 0 16 375
4.94736338 21.98964882 0 16 376
4.67438650 17.96409988 0 16 377
2.54306793 25.05102539 0 16 378
3.72930932 27.41439438 0 16 379
4.98715496 30.91677666 0 16 380
7.78844166 29.42364693 0 16 381
8.62452602 31.45596886 0 16 382
-11.15542030 8.47042084 0 16 383
-13.10093784 6.22961330 0 16 384
-14.26161003 13.70387268 0 16 385
1.19384599 21.74919319 0 16 386
-8.50975227 15.86766434 0 16 387
2.23578572 23.97103310 0 16 388
3.02298307 26.78687096 0 16 389
4.91302252 28.98439407 0 16 390
5.78900671 29.82761765 0 16 391
8.45331669 29.04674721 0 16 392
-12.88506985 8.23192501 0 16 393
-7.73561764 10.66261292 0 16 394
-2.45730090 18.10679245 0 16 395
-14.57829285 14.54894352 0 16 396
7.70276260 19.56442833 0 16 397
4.92211723 26.15294456 0 16 398
6.17802191 29.30166054 0 16 399
11.25168419 29.51853371 0 16 400
28.87343216 -18.45618629 0 16 401
4.21933985 16.32015419 0 16 402
-13.50179195 14.95812893 0 16 403
2.45508170 22.52227402 0 16 404
1.70711184 26.12109184 0 16 405
5.05607986 29.86785507 0 16 406
10.90859509 27.37294769 0 16 407
-14.75241280 -17.69978142 0 16 408
-7.66590118 9.91620350 0 16 409
-10.40473557 12.91329384 0 16 410
5.01381636 21.67783737 0 16 411
2.47446728 30.40980721 0 16 412
5.52773476 29.73337555 0 16 413
8.60989094 28.60968208 0 16 414
-15.87941837 -22.46105957 0 16 415
-7.72416639 10.84672642 0 16 416
-2.44556975 18.10619354 0 16 417
1.39315891 18.38668251 0 16 418
3.17454600 26.31704140 0 16 419
5.10455799 29.17753983 0 16 420
11.11288261 29.58741760 0 16 421
-11.55043793 5.86144400 0 16 422
-12.21675873 11.23935890 0 16 423
-12.45862007 15.07347012 0 16 424
2.40212560 21.52931595 0 16 425
5.04014492 25.88903809 0 16 426
6.28263760 29.30550957 0 16 427
11.60701466 27.41096115 0 16 428
-14.65101528 -18.28652573 0 16 429
-15.02139378 14.53145981 0 16 430
7.77988863 19.78078651 0 16 431
5.62683535 22.34377480 0 16 432
4.80279922 17.73887634 0 16 433
6.29750109 30.03029823 0 16 434
11.64658928 28.93696213 0 16 435
-15.20940590 -17.31143188 0 16 436
-12.78575897 11.62779999 0 16 437
-7.65324879 8.38577557 0 16 438
0.30529279 17.97820473 0 16 439
2.27515912 30.35343170 0 16 440
5.44644880 27.56133080 0 16 441
8.09134483 31.18477821 0 16 442
-11.43946648 8.29839230 0 16 443
-11.34156609 10.15956211 0 16 444
-13.42252064 14.78691769 0 16 445
1.83013821 22.08272743 0 16 446
1.27569616 26.48706627 0 16 447
7.10540152 24.55497169 0 16 448
7.43606281 32.06015778 0 16 449
-11.73895645 5.91326380 0 16 450
-10.87425709 12.03110504 0 16 451
3.99057722 22.18770981 0 16 452
1.14587092 25.41042900 0 16 453
2.79488158 30.80403137 0 16 454
-14.75051785 -13.12125587 0 16 455
-7.49316216 11.32375431 0 16 456
0.45762664 16.83280563 0 16 457
-8.84794426 16.67079353 0 16 458
10.15005016 16.20106316 0 16 459
8.78661442 14.13849831 0 16 460
10.85491085 26.52061653 0 16 461
-20.65399933 32.11849213 0 17 462
-18.82819939 35.23671341 0 17 463
-20.55624771 37.62241364 0 17 464
-23.13751602 38.92780304 0 17 465
-25.56060028 38.61020660 0 17 466
-27.39937973 37.21067810 0 17 467
-29.08330345 34.84270096 0 17 468
-28.40394974 32.54227829 0 17 469
-26.21653938 30.99031639 0 17 470
-23.60995102 29.87019920 0 17 471
-21.21804047 31.47404099 0 17 472
-19.10579872 34.36825943 0 17 473
-20.08630943 37.19042587 0 17 474
-22.49780846 38.74094391 0 17 475
-24.58485794 38.74938583 0 17 476
-26.39781189 38.24264908 0 17 477
-27.83577347 36.57276535 0 17 478
-29.16293907 33.89768219 0 17 479
-26.30467606 31.10502434 0 17 480
-21.78620338 30.98194313 0 17 481
-19.93480301 36.58132172 0 17 482
-25.83298302 39.02812576 0 17 483
-28.38837624 32.96088791 0 17 484
-22.92860794 29.98127556 0 17 485
-19.35396957 35.44097137 0 17 486
-24.32481384 39.53237152 0 17 487
-28.74955177 34.58812714 0 17 488
-24.51868629 30.26959610 0 17 489
-19.68467903 34.30913544 0 17 490
-23.85774231 39.49160004 0 17 491
-28.28950500 34.18879700 0 17 492
-23.35411644 30.39216423 0 17 493
-19.38084221 36.10448074 0 17 494
-25.94175911 39.21313095 0 17 495
-27.59911728 32.39412308 0 17 496
-21.65924263 31.12849045 0 17 497
-20.69511986 37.37760162 0 17 498
-27.11443710 37.68074036 0 17 499
-26.01858711 31.00240326 0 17 500
-19.94598198 33.50973892 0 17 501
-23.44379807 39.34996033 0 17 502
-28.37316895 34.56685257 0 17 503
-23.66573524 30.23189735 0 17 504
-19.52196312 35.46278763 0 17 505
-24.82387543 39.28597641 0 17 506
-28.43029022 33.89804459 0 17 507
-23.80369949 30.22500038 0 17 508
-19.48924446 34.60936737 0 17 509
-23.52049255 39.28710175 0 17 510
-28.29167557 35.14684677 0 17 511
-25.23834801 30.61759186 0 17 512
-20.10859108 33.17196274 0 17 513
-21.66280365 38.21639633 0 17 514
-27.09643555 37.65648270 0 17 515
-26.97663498 31.70799255 0 17 516
-21.78614616 31.01633263 0 17 517
-20.01032829 36.74061584 0 17 518
-25.69679070 38.97031403 0 17 519
-28.34082031 33.37542343 0 17 520
-23.30167961 30.21430016 0 17 521
-19.48273468 35.15671921 0 17 522
-24.22289276 39.31124878 0 17 523
-28.47714806 34.43431854 0 17 524
-23.94109344 30.22877312 0 17 525
-19.55771828 35.13383865 0 17 526
-24.78687668 39.46399307 0 17 527
-28.30113411 33.60792542 0 17 528
-22.88752174 30.41500282 0 17 529
-19.35679436 36.14654541 0 17 530
-25.54267311 39.38317108 0 17 531
-28.15598488 33.18442154 0 17 532
-22.72844124 30.42297745 0 17 533
-19.64771652 35.96682739 0 17 534
-25.23819542 39.56544876 0 17 535
-12.60522747 2.15459704 0 18 536
-13.07005310 19.07039070 0 18 537
-13.29988194 23.98856163 0 18 538
-12.54086018 26.81539536 0 18 539
-12.42630577 31.16989899 0 18 540
-18.88972092 8.64134026 0 18 541
-17.15412521 7.27723646 0 18 542
-14.09065723 3.14408445 0 18 543
-14.02318859 19.09144211 0 18 544
-14.24071503 21.01616478 0 18 545
-13.78174210 25.58041763 0 18 546
-12.49052334 28.10711861 0 18 547
-11.16454697 31.55806732 0 18 548
-18.45302200 7.04385281 0 18 549
-14.73910999 3.93479395 0 18 550
-14.61703491 20.39596939 0 18 551
-12.57063770 25.35710907 0 18 552
-13.30115891 30.62203598 0 18 553
-18.03473282 9.80122852 0 18 554
-18.01024246 6.45702267 0 18 555
-13.40138149 3.31668162 0 18 556
-13.53183746 19.94829178 0 18 557
-13.16016483 25.41958427 0 18 558
-11.25989914 31.16690063 0 18 559
-18.39120674 7.76582670 0 18 560
-14.91094494 3.31671453 0 18 561
-14.16607094 19.28879547 0 18 562
-13.55216599 25.43662643 0 18 563
-12.83163261 32.05085754 0 18 564
-16.89941978 8.44357872 0 18 565
-14.87317753 2.29345465 0 18 566
-15.27861595 19.88421631 0 18 567
-12.64857292 27.06842804 0 18 568
-11.67137814 31.68017578 0 18 569
-18.14337921 6.89953804 0 18 570
-13.53813362 3.09939861 0 18 571
-13.73317432 21.12269020 0 18 572
-12.77552891 26.78233910 0 18 573
-12.50223732 31.02638817 0 18 574
-17.99108505 8.48862457 0 18 575
-15.27961922 3.07206964 0 18 576
-14.74204063 18.44620705 0 18 577
-13.80014420 21.17797279 0 18 578
-12.57343292 26.70954514 0 18 579
-12.08883858 31.16044235 0 18 580
-18.16162300 7.10942793 0 18 581
-15.11639214 3.70765424 0 18 582
-14.99369431 20.89075470 0 18 583
-13.53799248 26.39397621 0 18 584
-10.74247074 31.30674362 0 18 585
-19.32049751 7.61691999 0 18 586
-15.69471359 2.96942854 0 18 587
-14.48408508 19.06711006 0 18 588
-13.24361324 24.78428078 0 18 589
-12.20757580 28.97449684 0 18 590
-11.70517540 31.64549065 0 18 591
-17.40678596 7.46361542 0 18 592
-14.90308189 4.16524839 0 18 593
-15.16646099 19.72666931 0 18 594
-14.23722935 24.96451378 0 18 595
-10.72175598 30.91229057 0 18 596
-18.42085075 8.18779755 0 18 597
-15.85209560 3.86577415 0 18 598
-16.03975105 19.33903885 0 18 599
-12.52497196 25.37778854 0 18 600
-12.21231365 29.91691399 0 18 601
-18.26052666 8.01290798 0 18 602
-15.21021271 2.80916786 0 18 603
-15.07298660 18.83246613 0 18 604
-11.87489986 25.52265739 0 18 605
-23.58252716 15.78858280 0 19 606
-24.30544472 -5.00927019 0 19 607
-26.56259727 -6.37997055 0 19 608
-29.11342049 -7.09591627 0 19 609
-33.89512253 -5.88282681 0 19 610
-37.77500916 -3.59116697 0 19 611
-40.32015991 -1.20705712 0 19 612
-42.02872086 12.86369896 0 19 613
-39.54301071 15.73319626 0 19 614
-37.10579681 17.96497726 0 19 615
-27.45619774 18.42632866 0 19 616
-24.12998581 16.20170212 0 19 617
-22.80926323 14.92023563 0 19 618
-25.23836327 -5.29661417 0 19 619
-27.89500427 -6.80577850 0 19 620
-31.91425514 -6.40261555 0 19 621
-35.81532288 -3.90449691 0 19 622
-37.76299667 -1.83942258 0 19 623
-40.07705307 0.12351058 0 19 624
-42.80042267 11.79343891 0 19 625
-41.78594971 13.83980274 0 19 626
-41.13305283 14.54543686 0 19 627
-38.08155823 16.43500519 0 19 628
-36.90620041 17.45850754 0 19 629
-27.94902802 18.70479965 0 19 630
-24.65362358 16.50563049 0 19 631
-22.67053413 15.76224709 0 19 632
-25.36579704 -4.89664030 0 19 633
-28.49729729 -7.53802729 0 19 634
-32.57539368 -5.71855879 0 19 635
-36.86552429 -3.31376052 0 19 636
-39.81280899 -0.06689078 0 19 637
-42.29887772 14.63765144 0 19 638
-37.92701721 19.30019188 0 19 639
-28.22231293 19.37809372 0 19 640
-22.72379112 14.98387432 0 19 641
-27.49156189 -7.00970745 0 19 642
-34.81229019 -4.42853498 0 19 643
-39.55822372 -1.80710709 0 19 644
-42.69746017 12.88586140 0 19 645
-38.18287277 17.18463135 0 19 646
-27.98562241 18.42525673 0 19 647
-23.80424309 15.84737587 0 19 648
-24.11012459 -4.72063208 0 19 649
-28.15450859 -6.55391788 0 19 650
-31.68008804 -6.40751362 0 19 651
-36.00162125 -3.83497858 0 19 652
-38.83437347 -1.52084577 0 19 653
-42.04666901 12.73099327 0 19 654
-39.64039230 15.77284908 0 19 655
-36.94676971 18.07651711 0 19 656
-27.37924194 18.42648888 0 19 657
-23.47810555 15.44633961 0 19 658
-24.86461830 -4.45593739 0 19 659
-25.13461685 -6.21579409 0 19 660
-28.39382362 -7.17688227 0 19 661
-32.37408829 -5.96845388 0 19 662
-36.57714462 -3.70150161 0 19 663
-39.74473572 -0.35071707 0 19 664
-42.86069489 11.76835823 0 19 665
-37.89809799 17.07864380 0 19 666
-27.65572548 17.99456024 0 19 667
-23.83198738 15.44264412 0 19 668
-24.85222816 -5.36522436 0 19 669
-28.85461044 -7.12846613 0 19 670
-34.86230087 -4.88211823 0 19 671
-38.75048447 -2.61014819 0 19 672
-43.31924820 11.53073502 0 19 673
-29.74554253 -1.71143484 0 22 674
-37.46857452 -4.87499285 0 22 675
-36.21557236 -5.01907825 0 22 676
-36.81327438 -6.29366732 0 22 677
-35.23832703 -5.84875584 0 22 678
-31.32594681 -4.79919291 0 22 679
-29.27329063 -8.40211773 0 22 680
-25.61347961 -7.21535015 0 22 681
21.39997101 -25.50998688 0 22 682
33.26340866 -15.07975006 0 22 683
22.77029610 19.22417068 0 22 684
-27.55174637 17.72743034 0 22 685
-32.60522079 18.90380478 0 22 686
-35.23881531 19.03748512 0 22 687
-38.66711426 15.24004936 0 22 688
-43.11311722 14.85407257 0 22 689
-43.77041245 15.03248215 0 22 690
22.05266190 6.53843737 0 22 691
-37.08605194 -2.62340188 0 22 692
-35.98675537 -3.67596841 0 22 693
-34.34200287 -2.74425554 0 22 694
-32.87869644 -7.00713110 0 22 695
-31.21046066 -6.54089832 0 22 696
-28.70760536 -6.88401508 0 22 697
-27.05322838 -6.67600679 0 22 698
-27.38823700 -4.40474892 0 22 699
-23.35584831 -4.52272463 0 22 700
-24.68967819 -3.59772682 0 22 701
-24.25389862 14.89038754 0 22 702
-24.84520912 15.93591595 0 22 703
-26.23509979 16.56410408 0 22 704
-27.27416039 17.19102669 0 22 705
-29.07114410 17.41240311 0 22 706
-29.42334747 18.72996330 0 22 707
-26.52222633 18.63198090 0 22 708
-28.55759239 17.31305313 0 22 709
-28.98972702 17.88174248 0 22 710
-28.28859711 17.23910332 0 22 711
-29.08287048 19.69223022 0 22 712
-26.49361038 18.86144638 0 22 713
-25.67979431 17.02118683 0 22 714
-22.47151184 13.71337891 0 23 715
-13.38901806 -2.28128839 0 23 716
-17.73134422 -7.09341145 0 23 717
-23.43423080 -8.24653053 0 23 718
-27.46274757 -8.67804146 0 23 719
-33.49328232 -4.57690382 0 23 720
-34.89666367 -3.35062385 0 23 721
-36.53465652 -2.16129565 0 23 722
-38.26428604 0.61018926 0 23 723
-41.37554169 10.13470268 0 23 724
-40.71918869 12.79106236 0 23 725
-38.81138229 16.28238487 0 23 726
-36.30790329 18.83042336 0 23 727
-27.51210403 20.72485542 0 23 728
-22.38205910 17.92875862 0 23 729
-21.19964790 -6.03670597 0 23 730
-24.63543892 -8.12670040 0 23 731
-26.68534470 -9.23618031 0 23 732
-33.58420563 -4.50787878 0 23 733
-36.90906906 -0.90301275 0 23 734
-42.64732742 9.18786240 0 23 735
-40.89770508 16.30114937 0 23 736
-30.65826988 18.72561455 0 23 737
-21.30429268 13.87965679 0 23 738
-22.92834854 -7.21902657 0 23 739
-26.73094940 -8.74696445 0 23 740
-33.19223785 -4.07593203 0 23 741
-38.90005493 -4.43249369 0 23 742
-40.97436142 11.98740959 0 23 743
-40.08985901 14.71468830 0 23 744
-35.89635849 17.69130707 0 23 745
-25.25716209 20.21433258 0 23 746
-21.73145294 -5.65855408 0 23 747
-24.95686150 -9.23736095 0 23 748
-28.42700768 -9.59594822 0 23 749
-33.76214981 -4.34684134 0 23 750
-36.54948425 -2.13002086 0 23 751
-37.84106445 0.09008707 0 23 752
-40.85276794 15.44331837 0 23 753
-36.52517319 18.68774605 0 23 754
-27.52470970 20.72879982 0 23 755
-22.40465355 17.87936974 0 23 756
-21.77119637 -5.96288013 0 23 757
-26.15773201 -9.33518314 0 23 758
-28.62939072 -9.95250893 0 23 759
-34.25088882 -3.86690807 0 23 760
-37.82183838 0.01247470 0 23 761
-42.71808243 9.18812752 0 23 762
-41.50508118 16.41980743 0 23 763
-30.68633842 18.60920906 0 23 764
-24.18155861 17.02937508 0 23 765
-21.05034065 13.89558792 0 23 766
-22.90782738 -7.46258354 0 23 767
14.87978554 -4.00967598 1 4 768
7.54048204 -10.60674191 1 4 769
-1.70520890 -6.47086620 1 4 770
-0.45068291 -9.39269733 1 4 771
1.08562601 1.75668919 1 4 772
14.90835190 -8.82271290 1 4 773
10.97820187 -16.87829018 1 4 774
7.87906361 4.56804800 1 4 775
3.60490656 8.60578346 1 4 776
14.07946682 -2.95980406 1 4 777
-2.01722240 -1.75327289 1 4 778
12.16611862 -11.19739819 1 4 779
1.22055960 -19.20768929 1 4 780
4.37157059 -12.24635506 1 4 781
14.73347378 -11.43776894 1 4 782
26.37081337 -14.29053307 1 4 783
0.45296729 -21.07100487 1 4 784
6.91458225 -19.92493820 1 4 785
9.31695080 4.92032576 1 4 786
-3.91722918 2.87315798 1 4 787
-4.42878485 4.78045559 1 4 788
11.91811943 -10.37448311 1 4 789
9.43657303 -10.31384563 1 4 790
24.61515999 -12.39515305 1 4 791
-3.75349021 -9.58287716 1 4 792
13.82946301 -0.43470743 1 4 793
12.36323833 -8.73463249 1 4 794
17.38034821 1.32207203 1 4 795
10.72987843 3.76908374 1 4 796
3.49129605 0.94282770 1 4 797
1.21966636 -8.06678200 1 4 798
12.68254471 -9.25607872 1 4 799
17.31524658 0.34522244 1 4 800
10.07498837 5.58882999 1 4 801
9.05225658 -2.81454277 1 4 802
-0.04015376 1.06005824 1 4 803
11.97548389 -11.27913857 1 4 804
5.10198402 -10.20613194 1 4 805
4.93787527 -4.21533298 1 4 806
1.96345222 11.48922920 1 4 807
16.56232643 6.42474985 1 4 808
11.72011471 -4.60522127 1 4 809
-1.11539400 -15.70915794 1 4 810
9.09466743 5.62590504 1 4 811
0.44932389 -5.92116022 1 4 812
-2.70105362 5.76018095 1 4 813
15.10466385 -1.04119384 1 4 814
11.11679459 -11.29701805 1 4 815
-8.05422306 3.92949557 1 5 816
1.92259324 13.35624504 1 5 817
17.91606140 -4.98443985 1 5 818
24.47393990 -8.43300915 1 5 819
1.87949646 -17.60329056 1 5 820
6.31972170 -18.99063873 1 5 821
15.82979774 1.62586665 1 5 822
12.81379700 6.03860998 1 5 823
13.98713970 0.75964683 1 5 824
-1.09173632 -4.11638355 1 5 825
2.21893430 -12.48746967 1 5 826
7.44354296 -13.92348766 1 5 827
10.61823940 -30.61743736 1 5 828
3.23646116 -13.35177612 1 5 829
19.87040329 -4.83191109 1 5 830
20.01705933 1.01670206 1 5 831
23.49988747 5.58262205 1 5 832
6.36085987 -6.23202658 1 5 833
5.16993809 -16.10246468 1 5 834
20.73447609 -3.80684543 1 5 835
20.75873947 1.16060495 1 5 836
20.06905746 1.58962524 1 5 837
0.62112117 -3.18540239 1 5 838
13.36204052 -7.74358749 1 5 839
5.72793531 -12.30254841 1 5 840
4.50210857 7.01432943 1 5 841
4.02214861 2.86869144 1 5 842
17.02112579 -10.99341488 1 5 843
13.31927586 -15.91176319 1 5 844
15.93346500 9.72891712 1 5 845
28.50491142 4.19430208 1 5 846
11.84274006 10.21765709 1 5 847
5.68569517 -13.20897102 1 5 848
13.85519981 -3.92332125 1 5 849
13.00224113 20.02243996 1 5 850
1.56981516 15.66130447 1 5 851
18.80228043 14.34613705 1 5 852
8.45076466 -0.82874215 1 5 853
8.53792953 -8.08538628 1 5 854
23.76659203 -14.14800644 1 5 855
10.58795071 -0.62362593 1 6 856
22.11240196 9.68683815 1 6 857
20.30363846 4.45178461 1 6 858
4.21671057 -6.33813667 1 6 859
8.33790016 -7.31128836 1 6 860
0.22097632 -8.89459229 1 6 861
13.09278679 -23.69777870 1 6 862
27.02133369 -17.02120972 1 6 863
-15.66136646 -22.49655151 1 6 864
28.93611717 -11.37408543 1 6 865
7.57189465 -30.17988396 1 6 866
-14.31160927 -17.92903900 1 6 867
13.87850666 15.72474003 1 6 868
-6.08016777 -21.01962090 1 6 869
7.69390202 18.21826363 1 6 870
21.17320251 -2.74157333 1 6 871
-6.44829798 -20.86174011 1 6 872
-7.24463224 8.38711929 1 6 873
14.61892509 13.34285927 1 6 874
7.05013466 -4.39161205 1 6 875
12.84843540 -24.14095116 1 6 876
26.53217316 -16.85038567 1 6 877
-14.55365849 -22.51450348 1 6 878
6.41634560 -9.17611504 1 6 879
10.09803009 -11.79326057 1 6 880
7.28335905 -11.80454731 1 6 881
16.05873680 -5.95000219 1 6 882
34.12923431 -4.60060406 1 6 883
12.92355061 8.35337734 1 6 884
-3.81746626 1.80258107 1 6 885
5.21797371 -3.79694557 1 6 886
1.62735260 3.56163621 1 6 887
27.45935249 7.73068762 1 6 888
-14.24119282 -22.49652290 1 6 889
14.49611855 19.38769341 1 6 890
4.91852379 17.07677841 1 6 891
20.06398010 -6.28895998 1 6 892
13.76628971 -19.50970268 1 6 893
13.51338387 -24.25747681 1 6 894
28.78981972 -11.81373787 1 6 895
-4.53808498 -2.48668838 1 6 896
11.30292511 -17.75346565 1 6 897
13.16858101 -9.92910957 1 6 898
12.61367130 -5.71791077 1 6 899
16.89583969 -2.41888762 1 6 900
14.35585690 6.33148766 1 6 901
26.88346100 -8.99263287 1 6 902
9.13895130 -15.07785606 1 6 903
16.51267052 -13.94377041 1 6 904
9.04157734 -16.91152763 1 6 905
3.07335615 -7.56357670 1 6 906
10.43395233 -13.19842815 1 6 907
15.80595970 -5.66112137 1 6 908
29.26879120 -10.93194580 1 6 909
2.23839092 -3.44053864 1 6 910
8.36470127 2.77314186 1 6 911
7.79981327 0.01656903 1 6 912
10.63122368 -13.52514267 1 6 913
9.72633553 2.27854729 1 6 914
10.89961624 5.06308651 1 6 915
5.80357790 0.35909751 1 6 916
9.18647099 4.12939787 1 6 917
9.08664036 4.46402788 1 6 918
5.17057371 6.73561239 1 6 919
25.11005974 -16.41169930 1 6 920
-4.17174959 -16.76657104 1 6 921
7.82590485 1.22693348 1 6 922
13.98066235 -12.82674313 1 6 923
6.47945404 -0.96234959 1 6 924
7.49858522 -10.35435581 1 6 925
10.28069210 -11.70690536 1 6 926
15.93667507 -3.45224309 1 7 927
10.01237965 -28.48969078 1 7 928
19.60578156 -20.58045197 1 7 929
1.93609869 12.44873524 1 7 930
16.12892723 7.90660095 1 7 931
9.55427361 -26.81738853 1 7 932
21.18703842 -21.23739052 1 7 933
16.53283119 -3.99060941 1 7 934
-7.44062424 -19.79690742 1 7 935
6.61893797 -28.80921745 1 7 936
4.05442810 -15.67107296 1 7 937
22.78880692 -17.58668900 1 7 938
31.66092682 3.00648189 1 7 939
24.04568672 0.38503951 1 7 940
15.12682056 8.44128036 1 7 941
25.35316277 12.48129845 1 7 942
29.75162315 -7.02062798 1 7 943
13.07346725 -7.53400326 1 7 944
17.02096367 -2.77573013 1 7 945
0.86479831 -2.89597273 1 7 946
17.91502762 -15.41471386 1 7 947
10.28630543 -15.49034309 1 7 948
5.08752918 -8.18853378 1 7 949
-7.93300390 -11.23197174 1 7 950
0.33847407 -13.00625229 1 7 951
14.27408981 9.51955700 1 7 952
-5.27411795 -12.03459072 1 7 953
-0.87340730 -19.09183884 1 7 954
12.58601284 -26.57672882 1 7 955
26.95429420 -0.97658408 1 7 956
15.98704338 11.71890926 1 7 957
10.00555420 -24.51378250 1 7 958
25.83910751 11.08571243 1 7 959
25.68262863 -7.24351215 1 7 960
14.95471573 3.31894565 1 7 961
11.07938385 9.07594967 1 7 962
14.44978142 -14.96663189 1 7 963
32.07987976 5.14433384 1 7 964
12.41938972 8.96985626 1 7 965
10.67203045 0.83410084 1 7 966
20.60709763 -2.49625683 1 7 967
20.98035431 -0.51137722 1 7 968
12.08763790 5.99303389 1 7 969
14.06180954 -5.08669329 1 7 970
-0.58801222 -17.12048340 1 7 971
0.11574329 -11.98178291 1 7 972
10.68868732 -4.70066977 1 7 973
14.09517097 -1.38472331 1 8 974
1.47242749 -10.98608971 1 8 975
5.84523296 -9.01364994 1 8 976
4.98383808 -13.09356403 1 8 977
17.16866684 -9.71468639 1 8 978
10.85127068 -2.62590742 1 8 979
-0.42638242 -7.87765169 1 8 980
16.56426811 -8.51962471 1 8 981
10.16334724 -5.92506695 1 8 982
9.67094994 -6.40348434 1 8 983
8.77221775 -9.60252953 1 8 984
8.28168869 -11.19379997 1 8 985
4.80696201 -10.95497036 1 8 986
4.85379076 -5.64139748 1 8 987
6.27158833 -4.60817385 1 8 988
10.87857723 -2.79578161 1 8 989
10.79205894 -3.82910061 1 8 990
-1.85121846 -2.95715737 1 8 991
9.08051205 -13.57596874 1 8 992
6.48945665 -11.41507149 1 8 993
7.29679632 -15.84993935 1 8 994
-0.21398877 -7.18305731 1 8 995
8.23678207 -3.65722775 1 8 996
2.10163951 0.35152584 1 8 997
1.49913085 -8.84914780 1 8 998
15.33625698 -0.95354861 1 8 999
4.75418425 -9.71841335 1 8 1000
7.48463202 -13.78776836 1 8 1001
4.86170769 -11.53871155 1 8 1002
8.64349270 -4.44547081 1 8 1003
7.45910835 -3.45346928 1 8 1004
3.98073053 1.76647830 1 8 1005
3.74985409 -9.40407467 1 8 1006
8.41819572 -19.56502342 1 8 1007
3.46713948 -17.17013359 1 8 1008
17.52998543 -8.71464157 1 8 1009
10.27413368 -8.55276489 1 8 1010
14.88425446 -8.31882191 1 8 1011
11.08999920 -17.18266487 1 8 1012
7.82761002 -12.46520615 1 8 1013
6.50011921 -1.75530052 1 8 1014
20.53841972 3.60520029 1 8 1015
7.81818914 -3.96058178 1 8 1016
14.11513519 2.39350867 1 8 1017
0.45897049 -1.02225542 1 8 1018
9.30429554 -19.92473221 1 8 1019
2.12382555 -9.55366325 1 8 1020
2.56085992 1.98769712 1 8 1021
9.17289066 -18.19819069 1 8 1022
2.21815658 -10.16386127 1 8 1023
8.96706200 0.39976683 1 8 1024
5.42246103 -8.97405338 1 8 1025
5.27429485 -12.41527557 1 8 1026
4.44255638 -6.11512709 1 8 1027
5.99487162 -4.68007040 1 8 1028
8.57956886 -6.87326670 1 8 1029
8.89836216 -3.09949160 1 8 1030
18.38883591 -1.57386398 1 8 1031
14.72792244 -0.21746397 1 8 1032
9.02657604 -11.04179668 1 8 1033
6.30190182 -11.19910431 1 8 1034
6.40396404 -10.53780842 1 8 1035
12.29197979 2.72427011 1 8 1036
13.72560501 1.93550801 1 8 1037
2.28510833 0.61794603 1 8 1038
2.04809809 -10.15623760 1 8 1039
-6.03769064 -6.58665752 1 8 1040
18.07066727 2.81721807 1 8 1041
19.08884811 4.82323790 1 8 1042
18.44191551 5.34830952 1 8 1043
13.65769958 2.41681814 1 8 1044
2.47412109 0.45877641 1 8 1045
2.32997251 -16.62166786 1 8 1046
9.46232986 -15.92462349 1 8 1047
11.40145493 -8.81427097 1 8 1048
6.02591038 -0.75944930 1 8 1049
12.55764675 -17.51052284 1 8 1050
7.17290592 -12.87085819 1 8 1051
9.34449482 -8.72404766 1 8 1052
17.79228210 -9.01951122 1 8 1053
11.47887325 -7.31615591 1 8 1054
18.42815590 -2.89149189 1 8 1055
13.66547966 -5.32476091 1 8 1056
11.97665119 -1.41641366 1 8 1057
5.01078749 -8.62448502 1 8 1058
4.59556103 -13.00851059 1 8 1059
17.43457031 -9.70681477 1 8 1060
0.57500255 -6.92489290 1 8 1061
10.08564377 -8.16858578 1 8 1062
3.90524387 -9.35264015 1 8 1063
28.37142754 4.26329803 1 8 1064
13.18753338 -1.21398449 1 8 1065
12.58938980 -13.94043541 1 8 1066
7.23429680 -8.88973904 1 8 1067
17.63168526 -11.88790321 1 8 1068
17.62983894 -12.11329842 1 8 1069
21.32032585 -11.57359505 1 8 1070
24.59234047 -0.48174599 1 8 1071
5.87222052 4.07477474 1 8 1072
3.19273257 -11.55315399 1 8 1073
-2.30813622 -12.25762463 1 8 1074
-5.70029879 0.10325912 1 8 1075
16.43875694 -10.96016121 1 8 1076
-1.55345476 -10.54582977 1 8 1077
4.95999765 -13.99279881 1 8 1078
8.10889626 2.84562564 1 8 1079
8.30038071 0.13043940 1 8 1080
8.22092915 0.17883869 1 8 1081
19.05907059 -17.10356712 1 9 1082
-0.12543948 -9.89805031 1 9 1083
1.88512409 3.05878925 1 9 1084
26.96070099 5.96215868 1 9 1085
11.58237553 10.53336906 1 9 1086
9.37352085 -12.35468388 1 9 1087
-10.84897709 -11.20673943 1 9 1088
2.03049994 -1.72546756 1 9 1089
19.97375488 -24.74486732 1 9 1090
-2.61156178 -15.70533180 1 9 1091
5.80733728 1.58442247 1 9 1092
19.27118492 -2.47853804 1 9 1093
-4.55793858 -7.01680613 1 9 1094
12.16615486 -12.50984383 1 9 1095
3.22691560 -19.02427673 1 9 1096
27.03545380 5.76073170 1 9 1097
9.93813419 11.67912769 1 9 1098
15.23589039 -11.48505116 1 9 1099
5.47552681 -2.14243960 1 9 1100
25.04793167 0.79492998 1 9 1101
16.08072853 10.72090721 1 9 1102
3.80716896 -1.69640517 1 9 1103
16.79201698 -1.10473800 1 9 1104
11.92715073 18.18060684 1 9 1105
19.54723167 14.29284573 1 9 1106
-2.60649967 -2.69794583 1 9 1107
27.40179634 13.45818138 1 9 1108
23.10268021 -7.80057907 1 9 1109
3.84858441 -3.36374092 1 9 1110
-7.92206001 -10.12900066 1 9 1111
5.58259058 -21.74987221 1 9 1112
-1.99932432 -13.89476013 1 9 1113
19.61080360 -9.18221092 1 9 1114
-0.32261178 -17.28977585 1 9 1115
2.07015467 -12.46724796 1 9 1116
3.92837763 -4.39757490 1 9 1117
13.37349892 -2.93229222 1 9 1118
25.36719704 -0.82151091 1 9 1119
12.03520679 6.91581106 1 9 1120
14.91424370 -13.32403183 1 9 1121
-3.81661725 -16.57598114 1 9 1122
13.44008541 -5.06610489 1 9 1123
10.73621178 -6.83696127 1 9 1124
15.56312370 0.85037214 1 9 1125
20.16894722 -1.23338735 1 9 1126
14.33821964 1.96315002 1 9 1127
10.63566399 8.56729412 1 9 1128
12.27797031 0.80937636 1 9 1129
11.02105331 1.76377726 1 9 1130
12.30862427 -5.78270054 1 9 1131
10.63344574 -14.93482876 1 9 1132
14.51349354 -10.13444614 1 9 1133
12.61274624 -4.30071259 1 9 1134
26.93836975 -3.62546110 1 9 1135
-7.20876122 -14.49347019 1 9 1136
22.96712875 -17.30151749 1 9 1137
-2.58457708 -17.92175293 1 9 1138
2.33540702 -14.71998692 1 9 1139
16.13804436 -9.80424881 1 9 1140
1.76567793 -4.94800043 1 9 1141
7.79510736 -2.19838262 1 9 1142
10.23744678 8.64100266 1 9 1143
1.85716629 -6.47198868 1 9 1144
8.15854073 -6.00693655 1 9 1145
1.30929756 -6.77810001 1 9 1146
8.04684639 -6.50019455 1 9 1147
-7.51960039 -21.23431969 1 9 1148
6.84848833 -29.15981102 1 9 1149
-12.55436993 -18.22305298 1 9 1150
27.66283607 -8.40310001 1 9 1151
-9.85649586 -24.27729225 1 9 1152
0.65967298 -15.26030636 1 9 1153
14.06251049 -6.68283939 1 9 1154
10.67167091 -5.97655773 1 9 1155
15.66688442 -8.09991550 1 9 1156
9.78234577 -3.91375208 1 9 1157
9.40445137 -7.04520130 1 9 1158
10.77186394 -26.86222076 1 9 1159
20.65552139 -15.81933117 1 9 1160
20.42980385 -0.79239529 1 9 1161
15.42902184 0.18600637 1 9 1162
18.89492607 -7.60914087 1 9 1163
18.46474075 -19.78503990 1 9 1164
-0.79754120 -22.26951218 1 9 1165
14.63436127 -4.61785460 1 9 1166
11.85115051 -1.16858971 1 9 1167
12.31558132 -0.51672864 1 9 1168
4.71983194 -7.89589882 1 9 1169
-0.59751934 -18.67256355 1 9 1170
-0.95008743 -8.03433800 1 9 1171
1.67130125 -29.92760849 1 9 1172
2.62450266 -23.24945068 1 9 1173
5.59447956 -5.93728352 1 9 1174
-8.54922390 -11.53949547 1 9 1175
-9.68108749 -17.10056686 1 9 1176
19.69621849 -9.09751225 1 9 1177
-0.93107098 -19.28696823 1 9 1178
7.95095921 -23.71803665 1 9 1179
20.96887970 -6.19984341 1 9 1180
1.64302802 -10.04329205 1 9 1181
15.21985531 -1.03420556 1 9 1182
11.23593235 -8.15866089 1 9 1183
-10.04915047 -7.24793339 1 9 1184
-0.56356567 -22.41385269 1 9 1185
6.30819702 -14.58090687 1 9 1186
14.41436863 -6.76421738 1 9 1187
18.87609673 -0.89289302 1 9 1188
24.81140709 17.22748184 1 9 1189
-3.81642079 -12.90767479 1 9 1190
21.97419167 0.52060860 1 9 1191
15.70893574 9.23226738 1 9 1192
-1.81144154 -21.10596085 1 9 1193
6.53398514 -8.95255280 1 9 1194
8.87603664 -13.51880646 1 9 1195
15.58603477 -13.02189255 1 9 1196
13.00875759 -27.30706024 1 9 1197
22.62161446 -19.12492752 1 9 1198
26.33676720 -2.60688496 1 9 1199
11.35282707 5.63528299 1 9 1200
3.26686978 -1.83059263 1 9 1201
3.58159590 -14.30684662 1 9 1202
11.90624809 1.03701830 1 9 1203
18.41762352 -6.13976097 1 9 1204
1.14992642 -5.88703394 1 9 1205
6.28199196 -4.36281490 1 9 1206
0.05191116 -0.70642006 1 9 1207
-4.98601294 -0.00267499 1 9 1208
4.22218275 -4.86150551 1 9 1209
12.56115341 1.65406370 1 9 1210
18.54081154 0.99745584 1 9 1211
11.86765766 2.89318180 1 9 1212
24.82661819 0.84569979 1 9 1213
23.58453178 7.39400053 1 10 1214
14.03458786 -8.72397232 1 10 1215
13.62341976 -10.52796650 1 10 1216
6.97828579 -1.10593712 1 10 1217
8.40087795 4.65675831 1 10 1218
8.25119877 10.58867741 1 10 1219
2.45077491 5.86751509 1 10 1220
-11.19858456 -7.28291512 1 10 1221
-7.16018009 -0.08831049 1 10 1222
14.73531055 -23.24863815 1 10 1223
21.55497169 -21.39554024 1 10 1224
-7.32118177 4.36277962 1 10 1225
-6.52257681 -4.07951450 1 10 1226
9.20789337 2.21031499 1 10 1227
9.64894295 3.79836464 1 10 1228
23.68291473 10.95882607 1 10 1229
30.24493027 -6.88726854 1 10 1230
22.52219582 -4.77537680 1 10 1231
27.29564857 6.06311703 1 10 1232
16.53667641 6.04333782 1 10 1233
12.68238068 -26.87866402 1 10 1234
23.17467499 -19.52916527 1 10 1235
13.48326015 -11.41570568 1 10 1236
15.48703766 -5.30424166 1 10 1237
1.00582385 -30.47183990 1 10 1238
3.58421922 -23.75848007 1 10 1239
10.33285332 8.48914051 1 10 1240
26.05633926 0.20851345 1 10 1241
15.84830856 11.47303104 1 10 1242
22.37654686 -9.67506599 1 10 1243
13.74084282 -21.84796333 1 10 1244
10.40926361 -16.42514420 1 10 1245
-11.74703979 -13.92876625 1 10 1246
6.63828802 -26.17731857 1 10 1247
6.06090975 -7.42172766 1 10 1248
5.02937078 -15.39185429 1 10 1249
8.89284420 -26.62841606 1 10 1250
20.65799332 -20.43011665 1 10 1251
3.04164958 -30.27468300 1 10 1252
15.32237911 -26.12583160 1 10 1253
33.21030045 -7.98419046 1 10 1254
-7.60024166 15.25592232 1 10 1255
12.53730202 -8.00830841 1 10 1256
20.37655640 -9.85849476 1 10 1257
7.84395933 -14.53763199 1 10 1258
8.73761368 6.12818193 1 10 1259
10.96813297 3.76369786 1 10 1260
2.19396162 7.11314726 1 10 1261
-1.79076433 1.50806594 1 10 1262
2.21732807 -21.09239388 1 10 1263
13.69607162 -6.05236673 1 10 1264
-12.66998768 -11.71134758 1 10 1265
4.61196470 -0.66966486 1 10 1266
15.19941711 -25.84481621 1 10 1267
32.39797592 -7.83482933 1 10 1268
-5.48206139 -0.00927076 1 10 1269
9.51901627 -1.91172612 1 10 1270
11.90736485 -3.40047216 1 10 1271
10.92653370 -9.84082222 1 10 1272
19.00566101 -7.60241699 1 10 1273
-6.74631500 -8.79665184 1 10 1274
6.29867029 4.71988297 1 10 1275
5.06609344 0.40058169 1 10 1276
18.98331261 -15.42214203 1 10 1277
-0.28779629 5.87474775 1 10 1278
-9.11810112 -4.77197027 1 10 1279
0.33667308 -10.72462273 1 10 1280
12.06159210 -12.18641472 1 10 1281
-15.48751354 -10.06605244 1 10 1282
19.80069923 -13.84620857 1 10 1283
-25.49110985 6.66374111 1 11 1284
-25.36071205 11.05567837 1 11 1285
-29.27672768 13.21838570 1 11 1286
-32.89916611 13.52855682 1 11 1287
-35.65593719 11.41026115 1 11 1288
-7.36110401 -25.81451988 1 11 1289
-10.71431351 -16.60051918 1 11 1290
27.90919304 8.01117134 1 11 1291
-29.55649757 -1.22821772 1 11 1292
-28.65125084 2.19732523 1 11 1293
-27.66550827 3.89215255 1 11 1294
-26.69926071 5.80493641 1 11 1295
-26.46799660 8.82780170 1 11 1296
-27.55636787 11.53590298 1 11 1297
-30.40806389 13.49039555 1 11 1298
-34.02740860 13.33404922 1 11 1299
-36.82226181 10.43412971 1 11 1300
-38.64948654 6.87953615 1 11 1301
-32.36301041 0.71409827 1 11 1302
-28.99901772 1.65996194 1 11 1303
-27.30347252 4.12949800 1 11 1304
-26.59511185 7.78090620 1 11 1305
-27.17932892 10.96987724 1 11 1306
-29.91707993 13.55967808 1 11 1307
-33.88446426 13.10378265 1 11 1308
-36.09683228 9.94795609 1 11 1309
-39.20433044 6.33373070 1 11 1310
-32.01364136 0.63860393 1 11 1311
-28.40606308 2.34349108 1 11 1312
-26.87291908 5.46593046 1 11 1313
-26.74642181 9.91886044 1 11 1314
-29.39834976 13.32714844 1 11 1315
-33.60781097 13.51061630 1 11 1316
-36.98223877 10.50598335 1 11 1317
-38.58440018 7.12140751 1 11 1318
-32.49462891 0.77718788 1 11 1319
-29.39110374 1.33531392 1 11 1320
-27.95271492 2.92172933 1 11 1321
-27.18950653 5.64930248 1 11 1322
-26.98120499 9.35944843 1 11 1323
-28.62481117 12.74140453 1 11 1324
-32.49328613 13.50865746 1 11 1325
-35.99951935 11.54214096 1 11 1326
-37.92695999 8.27482224 1 11 1327
-38.42661667 6.12966156 1 11 1328
-32.54401398 0.49032000 1 11 1329
-29.38820457 1.24820101 1 11 1330
-27.82113457 3.05458760 1 11 1331
-26.83539009 5.32477570 1 11 1332
-26.55412674 8.85804558 1 11 1333
-27.93418503 12.08582878 1 11 1334
-31.23694992 13.64935207 1 11 1335
-34.78540421 12.42806721 1 11 1336
-35.21796036 8.12589931 1 11 1337
1.83737731 13.84671021 1 11 1338
-32.15845871 0.71132159 1 11 1339
-28.77548599 1.81763303 1 11 1340
-27.06954765 4.48758841 1 11 1341
-26.54329300 8.48979855 1 11 1342
-27.77512550 11.81181431 1 11 1343
-30.72934723 13.93938065 1 11 1344
-34.05136108 13.20489502 1 11 1345
-37.08095551 10.45906448 1 11 1346
-38.18944931 7.30753517 1 11 1347
-32.72017670 0.96263391 1 11 1348
-30.38348007 1.84643579 1 11 1349
-28.76864243 3.52767205 1 11 1350
-26.91269684 5.00757933 1 11 1351
-26.41206360 8.32853889 1 11 1352
-26.78798866 10.60888577 1 11 1353
-28.22810555 12.44310188 1 11 1354
-30.25592232 14.37479019 1 11 1355
-31.51203346 13.68418217 1 11 1356
-33.09462738 12.87174892 1 11 1357
-34.86957169 12.90367413 1 11 1358
-36.81531143 11.05359554 1 11 1359
-37.78997040 8.84813786 1 11 1360
-38.60859680 3.13777900 1 11 1361
-33.89955139 -0.25785401 1 11 1362
-30.17289734 0.32372674 1 11 1363
-27.75881767 1.53239012 1 11 1364
-26.33262253 3.56332803 1 11 1365
-25.86895752 6.70039797 1 11 1366
-25.47117615 8.88255310 1 11 1367
-25.79261971 11.45880985 1 11 1368
-28.69150925 13.75270844 1 11 1369
-30.36249924 13.60126686 1 11 1370
-32.17240143 13.71676159 1 11 1371
-33.51422119 13.53401947 1 11 1372
-34.94439697 12.84562397 1 11 1373
-36.10429382 11.90636635 1 11 1374
-37.43526840 11.23551273 1 11 1375
-37.96867371 10.16832733 1 11 1376
-38.00129700 9.56877995 1 11 1377
-37.85772324 9.07014942 1 11 1378
-38.39570618 8.54762077 1 11 1379
-38.57323074 8.22435665 1 11 1380
-39.06418991 8.47298813 1 11 1381
-38.93719101 8.37703896 1 11 1382
-38.91600037 8.47902298 1 11 1383
-38.83791351 8.97857189 1 11 1384
-38.62611008 9.16671085 1 11 1385
-38.68260193 9.54056740 1 11 1386
-38.20053101 9.99769783 1 11 1387
-36.01882553 8.68080521 1 11 1388
-37.57262802 12.41675377 1 11 1389
-35.80813217 14.09410286 1 11 1390
-34.92200470 13.09033680 1 11 1391
-33.44869995 12.01216984 1 11 1392
-34.19899750 14.84368229 1 11 1393
-32.95287323 11.69914246 1 11 1394
11.32273769 19.57801437 1 12 1395
18.43920898 15.74669266 1 12 1396
25.11456490 7.19362497 1 12 1397
1.33094811 -11.65782738 1 12 1398
-4.27747583 -5.70324278 1 12 1399
7.16897202 0.56981498 1 12 1400
17.15855217 -3.23781013 1 12 1401
9.64453220 -4.93005133 1 12 1402
-8.34310436 -2.41218996 1 12 1403
-11.30445766 -7.22941303 1 12 1404
-1.61464405 -23.53295135 1 12 1405
1.19215143 -30.07752800 1 12 1406
3.59761071 -23.50630188 1 12 1407
4.56685781 -17.75043106 1 12 1408
1.31809258 -29.57833481 1 12 1409
3.51663876 -22.94462776 1 12 1410
5.93471336 -2.05742574 1 12 1411
20.53359795 3.45235562 1 12 1412
11.75641727 19.53379440 1 12 1413
17.69573021 15.29252625 1 12 1414
17.19906235 4.07975245 1 12 1415
22.36048126 -6.36786890 1 12 1416
17.82386398 -0.48161840 1 12 1417
6.60191202 -7.24879313 1 12 1418
18.76344490 -10.83179092 1 12 1419
34.30786514 6.76444912 1 12 1420
23.33013153 -3.64908385 1 12 1421
0.93874139 -10.68004608 1 12 1422
11.34669495 -26.57156944 1 12 1423
19.42278099 -20.52463531 1 12 1424
-2.30522561 -22.76262856 1 12 1425
16.01504135 2.57024431 1 12 1426
11.03576183 -8.12927151 1 12 1427
2.13975835 11.33026695 1 12 1428
16.79337883 9.48759365 1 12 1429
2.25082469 1.61792111 1 12 1430
9.28950596 -24.16202164 1 12 1431
26.50103951 -1.00459743 1 12 1432
18.13595390 7.73430157 1 12 1433
15.63522148 -2.32750535 1 12 1434
30.68117905 7.39389944 1 12 1435
20.75255966 14.64821815 1 12 1436
19.81636429 -16.35461044 1 12 1437
11.54634762 0.77154708 1 12 1438
4.67132378 -5.89333487 1 12 1439
-9.63783550 -12.80358982 1 12 1440
6.75685215 -17.38345718 1 12 1441
7.94662523 -2.45742917 1 12 1442
10.37730312 7.64832735 1 12 1443
-2.25665593 -15.86393452 1 12 1444
8.08519077 -9.74864960 1 12 1445
34.37653732 -11.08924580 1 12 1446
10.91904259 11.70306587 1 12 1447
13.12478352 -2.51977444 1 12 1448
27.45855713 -7.91430664 1 12 1449
14.30390835 -13.01206589 1 12 1450
12.94819260 -1.77956247 1 12 1451
7.08357477 -7.19374084 1 12 1452
26.23728561 1.33148456 1 12 1453
-10.84596252 -26.75074387 1 13 1454
30.06745148 -23.01373672 1 13 1455
-3.46471548 -7.83652306 1 13 1456
19.48256111 13.53199863 1 13 1457
19.15533447 9.84837055 1 13 1458
21.83412170 7.29484892 1 13 1459
5.72109842 3.41816998 1 13 1460
3.59852242 -10.77885151 1 13 1461
4.85918713 -13.72617149 1 13 1462
12.47946930 4.14115047 1 13 1463
-10.85873222 -26.84864616 1 13 1464
30.08146858 -23.00859070 1 13 1465
-2.31530738 -5.20263243 1 13 1466
25.51956940 -11.76015377 1 13 1467
-4.50335836 -9.78526402 1 13 1468
1.94110179 -14.79709244 1 13 1469
12.35044956 19.85244370 1 13 1470
17.51007271 15.26825333 1 13 1471
9.53587055 -22.07732964 1 13 1472
7.52133036 -18.01979828 1 13 1473
2.39944887 -21.04103661 1 13 1474
-6.04971313 -14.57796574 1 13 1475
23.35684586 2.07481980 1 13 1476
35.50856018 -12.60341167 1 13 1477
19.96413231 19.32447433 1 13 1478
22.27988434 -17.00135231 1 13 1479
5.75728464 1.83369350 1 13 1480
8.27046394 -32.75465393 1 13 1481
-2.31610489 -12.19191074 1 13 1482
36.00805283 -12.53856087 1 13 1483
19.78242493 19.36723328 1 13 1484
-4.24046755 -2.48983121 1 13 1485
12.00033951 -18.54460526 1 13 1486
13.32514954 -28.76093483 1 13 1487
23.26788712 -21.38505554 1 13 1488
27.23252869 -24.64851952 1 13 1489
19.11006927 11.37977600 1 13 1490
27.66757011 13.87676620 1 13 1491
22.18357086 -26.38492966 1 13 1492
21.02470016 -26.95845795 1 13 1493
27.05957222 -25.16858292 1 13 1494
28.06107712 -6.42181587 1 13 1495
31.28124809 9.04847717 1 13 1496
22.99691963 -2.76005220 1 13 1497
5.89391613 1.76074159 1 13 1498
3.82746100 4.01327610 1 13 1499
11.64632797 -21.41869545 1 13 1500
-2.52001119 -21.13051796 1 13 1501
3.78810048 -12.81975842 1 13 1502
15.32252121 18.06465530 1 13 1503
9.23707485 -0.42238474 1 13 1504
-0.35824826 -1.85567451 1 13 1505
17.84331322 -5.46336937 1 13 1506
21.00147629 -4.73651934 1 13 1507
-4.89258862 -13.93547344 1 13 1508
30.85974503 -0.83041710 1 13 1509
21.24489403 -4.01498032 1 13 1510
-5.66081905 -14.80081367 1 13 1511
31.43131828 0.42745072 1 13 1512
5.12604666 7.96708441 1 13 1513
14.34565926 -17.79213333 1 13 1514
31.24059677 9.04321003 1 13 1515
18.80432892 -3.49036169 1 13 1516
0.21519163 -3.55416346 1 13 1517
7.63103819 -15.86353683 1 13 1518
16.79865074 -12.54508018 1 13 1519
23.23132706 11.61359215 1 13 1520
28.24531555 -7.26169777 1 13 1521
33.24661255 4.12846231 1 13 1522
15.05583572 -15.83479786 1 13 1523
4.05555868 -18.68595695 1 13 1524
11.70842743 -28.77574348 1 13 1525
-2.38779116 -13.09638405 1 13 1526
17.25567627 -4.35457659 1 13 1527
20.10570335 -7.51066494 1 13 1528
16.50658226 -17.29252815 1 13 1529
-10.80310631 -11.20076752 1 13 1530
13.87610817 -19.97210503 1 20 1531
1.73149335 -7.73544407 1 20 1532
8.36334705 -5.47640371 1 20 1533
10.79559803 -0.86245173 1 20 1534
9.08793640 1.24895501 1 20 1535
19.59559631 -13.64238644 1 20 1536
27.39750862 1.67098057 1 20 1537
18.51128197 7.49053288 1 20 1538
-0.31949028 7.35602951 1 20 1539
10.08804321 -8.92262745 1 20 1540
20.01039696 -11.46826267 1 20 1541
-6.76116943 -9.42763519 1 20 1542
7.29700565 -17.68000412 1 20 1543
33.19520950 -4.66236925 1 20 1544
-0.34458807 -5.97981882 1 20 1545
2.11602306 -4.91046810 1 20 1546
26.87580109 12.70535088 1 20 1547
22.57207489 -9.13928890 1 20 1548
14.83053780 -22.97879219 1 20 1549
16.61810112 -17.26650238 1 20 1550
-16.34422302 -10.95162964 1 20 1551
22.94925690 -11.45346451 1 20 1552
-1.66111445 -16.16712952 1 20 1553
-6.88485432 -9.69732857 1 20 1554
-9.25543880 -13.48758507 1 20 1555
7.02559376 -16.61756325 1 20 1556
28.19001007 -1.53602505 1 20 1557
10.32416344 9.80603981 1 20 1558
4.73417902 -17.78108788 1 20 1559
16.16347885 2.60179090 1 20 1560
11.51109791 -3.45028305 1 20 1561
11.50146580 -20.05227470 1 20 1562
0.36514822 -21.31393051 1 20 1563
19.32029724 -10.45808125 1 20 1564
33.31327057 -13.51554108 1 20 1565
14.11722279 10.46056843 1 20 1566
3.04594111 -1.53263187 1 20 1567
11.07211590 -23.83035278 1 20 1568
20.95485497 -18.73552132 1 20 1569
30.95847893 -1.92430317 1 20 1570
-3.50126052 -4.23058605 1 20 1571
-2.77559304 -22.98139191 1 20 1572
4.08106041 -26.80710602 1 20 1573
-5.59657860 -9.33215523 1 20 1574
-1.86103952 -7.26880407 1 20 1575
24.69044685 -11.53129196 1 20 1576
0.25975072 -6.40372086 1 20 1577
15.43647099 -20.88433838 1 20 1578
17.96626854 -18.13228226 1 20 1579
18.23077965 -2.04251242 1 20 1580
17.73031235 0.22178468 1 20 1581
14.60042667 6.49284983 1 20 1582
6.90629196 8.99878216 1 20 1583
22.53417587 -1.44047308 1 20 1584
-1.86497080 -8.67808628 1 20 1585
0.10348096 9.44353199 1 20 1586
25.14864349 -5.20827103 1 20 1587
20.19932747 6.21387148 1 20 1588
19.21232605 7.51613235 1 21 1589
-12.21834278 -8.58519173 1 21 1590
18.43893051 -27.14256287 1 21 1591
25.84385872 10.19373989 1 21 1592
26.70545578 -4.62098598 1 21 1593
25.50505066 5.13328457 1 21 1594
-0.90900177 -0.00657777 1 21 1595
5.61513615 -21.50083923 1 21 1596
-5.25789976 -11.86984539 1 21 1597
16.01788712 -19.52498436 1 21 1598
21.05974579 -24.92524338 1 21 1599
32.47089386 -15.42657375 1 21 1600
31.47617531 7.77905369 1 21 1601
20.24534416 14.49426842 1 21 1602
-12.20988846 -8.56282425 1 21 1603
18.51752472 -27.00898361 1 21 1604
0.69541901 -25.52545357 1 21 1605
15.01564217 -6.97831964 1 21 1606
21.43332672 5.81280613 1 21 1607
17.61885071 -23.65475464 1 21 1608
19.48589706 -25.79344177 1 21 1609
33.55790329 -14.13088226 1 21 1610
23.60903740 18.77310371 1 21 1611
-1.64307272 -28.34303093 1 21 1612
18.81101990 -25.90384293 1 21 1613
18.28537560 -17.82233047 1 21 1614
32.51704025 -12.65615940 1 21 1615
15.72162628 0.22528288 1 21 1616
20.88413239 -26.30922699 1 21 1617
14.05425358 -28.46454620 1 21 1618
23.29228020 -21.13795090 1 21 1619
21.63470650 -13.02308655 1 21 1620
27.87213516 -4.69454575 1 21 1621
-5.44805670 -15.73357868 1 21 1622
29.38804245 -4.46846294 1 21 1623
13.91240978 0.57433403 1 21 1624
9.77524948 -28.90582657 1 21 1625
19.98462105 -22.18329620 1 21 1626
-0.19794962 -22.94992447 1 21 1627
16.32068825 -21.04122925 1 21 1628
17.13354683 -20.89797401 1 21 1629
28.20864677 -1.14936292 1 21 1630
26.09604263 6.35628033 1 21 1631
12.01900196 13.99655819 1 21 1632
23.84024239 18.68526840 1 21 1633
-1.65024197 -28.36769867 1 21 1634
34.05355453 -14.17166138 1 21 1635
22.86321640 19.07875061 1 21 1636
3.73696470 4.46052885 1 21 1637
2.82360601 -15.16735554 1 21 1638
21.52542305 -4.83389854 1 21 1639
21.36906433 11.55078793 1 21 1640
17.19689941 10.76452541 1 21 1641
5.09115839 4.14531279 1 21 1642
9.80016994 -2.71380234 1 21 1643
23.91891670 6.81663418 1 21 1644
1.60318315 0.49470779 1 21 1645
12.09592915 -20.78412056 1 21 1646
17.66065216 -24.44329453 1 21 1647
2.15704608 -23.36538887 1 21 1648
-1.73093116 -10.59432316 1 21 1649
-6.08981991 -6.28969812 1 21 1650
31.57710457 5.44415331 1 21 1651
18.87624359 -11.90239716 1 21 1652
33.61005783 -13.72313976 1 21 1653
14.07554436 10.83777046 1 21 1654
6.28495264 -3.62115192 1 21 1655
3.93846202 7.00371313 1 21 1656
6.13960457 -24.73047066 1 21 1657
20.77704620 -18.35536575 1 21 1658
