tsne_1 tsne_2 label subject_code visual_run_index
41.45012665 8.13426208 0 0 0
23.12202454 8.10995960 0 0 1
32.95601273 5.53969717 0 0 2
32.55537415 5.47537994 0 0 3
32.69196701 6.10597992 0 0 4
38.93581772 4.54709005 0 0 5
27.86911964 6.05285406 0 0 6
29.24915504 1.81850970 0 0 7
28.88622475 -0.88818204 0 0 8
21.12386322 0.74416238 0 0 9
31.12215805 1.80844879 0 0 10
31.54387093 1.50583065 0 0 11
35.20034027 -0.72367179 0 0 12
35.03951645 0.58484459 0 0 13
17.56628036 7.12665987 0 0 14
22.37779808 -5.07069349 0 0 15
18.05488777 -2.12765050 0 0 16
17.28669548 4.85313034 0 0 17
20.57014084 2.79892635 0 0 18
26.29955864 0.97636116 0 0 19
25.55135918 3.60103822 0 0 20
27.61372185 2.62776279 0 0 21
26.29995155 2.10097384 0 0 22
20.82077599 -2.59580421 0 0 23
19.29694366 3.55743790 0 0 24
30.60417747 -7.44022274 0 0 25
26.37509346 7.10805607 0 0 26
27.31915474 -2.80610728 0 0 27
29.98416138 -6.24162483 0 0 28
30.68672371 -1.54220915 0 0 29
25.78079796 -1.58189332 0 0 30
35.89844131 -4.13294888 0 0 31
33.24334335 -5.73366070 0 0 32
41.54464340 8.25786400 0 0 33
35.21709061 8.49724674 0 0 34
48.24943542 2.14244175 0 0 35
41.28055573 2.30736160 0 0 36
34.19214249 -0.56159091 0 0 37
33.50064468 4.47764444 0 0 38
19.44648361 2.05965972 0 0 39
-0.10555252 -2.17582417 0 0 40
5.60992241 1.78345823 0 0 41
18.41557121 7.39970398 0 0 42
7.44759750 0.56785184 0 0 43
-1.72562790 0.49016204 0 0 44
1.34252179 -0.87209022 0 0 45
5.71430302 2.26799345 0 0 46
25.27268410 3.71397090 0 0 47
16.90809059 0.14674012 0 0 48
4.82638311 2.93648958 0 0 49
-0.24132158 -0.57069898 0 0 50
4.19845343 1.46029830 0 0 51
30.40549660 0.39128777 0 0 52
31.40176392 2.54426479 0 0 53
27.09116554 3.33313847 0 0 54
17.69616508 0.32746890 0 0 55
28.49468994 2.14618897 0 0 56
31.77557182 -0.52635086 0 0 57
21.55130386 -1.04868460 0 0 58
3.95564198 -1.40203655 0 1 59
4.42697620 -0.66320187 0 1 60
9.19897652 1.89220738 0 1 61
2.74509072 -0.05296934 0 1 62
4.63266563 0.45001382 0 1 63
8.51935673 -0.12616087 0 1 64
2.72182226 1.47870660 0 1 65
5.89184284 5.41578913 0 1 66
0.72010159 -0.02006240 0 1 67
6.14965534 -1.38345945 0 1 68
8.71159077 1.62606370 0 1 69
7.18757629 -1.38411820 0 1 70
1.18980527 -4.25360250 0 1 71
2.92263317 3.60997105 0 1 72
4.31892443 2.69206786 0 1 73
8.12060452 0.18974918 0 1 74
4.64880705 1.47814667 0 1 75
5.49783993 5.19657803 0 1 76
12.47257042 -0.51947057 0 1 77
6.84675121 4.18966866 0 1 78
9.49884605 -0.50079238 0 1 79
12.28109741 3.82880235 0 1 80
6.06862211 0.98821408 0 1 81
5.84801579 1.98327982 0 1 82
12.41184998 3.19246697 0 1 83
13.27394867 -2.12314677 0 1 84
8.34616280 1.30912840 0 1 85
8.01805115 -1.50955844 0 1 86
5.39535713 1.83679545 0 1 87
6.09205294 2.44233727 0 1 88
5.22002172 -2.77601647 0 1 89
3.06996012 -0.69552803 0 1 90
4.88347244 -0.03769340 0 1 91
6.93075752 1.18904114 0 1 92
2.71757793 2.14700818 0 1 93
2.24738979 2.92809367 0 1 94
1.11002064 -2.93886375 0 1 95
2.30391741 -1.15031409 0 1 96
7.97913551 1.36134005 0 1 97
5.05420637 2.22556472 0 1 98
-0.41171300 -1.44640422 0 1 99
-18.80639267 6.98976469 0 1 100
-15.30018997 6.76526213 0 1 101
-14.49357605 0.18799901 0 1 102
-22.63875580 -0.12837480 0 1 103
-6.94294357 4.74752522 0 1 104
21.54679298 -0.76100254 0 2 105
27.03057861 -0.84029216 0 2 106
19.51077652 -3.55624390 0 2 107
12.43883705 1.88426864 0 2 108
16.41094589 6.38153219 0 2 109
13.64177322 3.79167032 0 2 110
24.96466827 -0.00003157 0 2 111
34.45138931 -0.10592373 0 2 112
23.97400665 -9.24683952 0 2 113
13.91249466 5.54788160 0 2 114
23.28720474 -1.14866948 0 2 115
32.28237534 8.28475857 0 2 116
23.98308945 2.24360061 0 2 117
10.05805683 -0.54779857 0 2 118
25.35895729 7.02407598 0 2 119
15.84787273 0.23278511 0 2 120
9.46296406 -1.80028021 0 2 121
23.73897743 -9.58865166 0 2 122
14.49271774 6.61320066 0 2 123
30.76607895 9.75097370 0 2 124
17.56831169 10.38455296 0 2 125
17.75431824 7.71740866 0 2 126
15.17123413 0.55993277 0 2 127
-1.61807239 -8.51614666 0 2 128
-3.29074764 -12.89457989 0 2 129
9.76847744 5.00846577 0 2 130
8.14169502 -6.15762424 0 2 131
15.86168766 2.62831163 0 2 132
28.87125587 -7.41679430 0 2 133
30.88216019 -2.50227261 0 2 134
26.76664925 2.70172477 0 2 135
18.17112541 8.09087181 0 2 136
22.77275085 -3.50699234 0 2 137
13.04430580 -2.07453132 0 2 138
7.65930843 2.51275325 0 2 139
21.13282013 -6.88945341 0 2 140
16.08322334 4.77505016 0 2 141
15.88921165 4.12883282 0 2 142
19.65238380 8.07940006 0 2 143
25.25774956 7.04408026 0 2 144
17.49201393 6.45944548 0 2 145
19.69487953 -1.19633901 0 2 146
22.12043190 -5.95187330 0 2 147
38.00981140 0.63900906 0 2 148
15.06960869 9.58066463 0 2 149
14.68793583 7.82606173 0 2 150
19.65392113 -2.26554108 0 2 151
19.37325859 -4.06009388 0 2 152
19.17682266 3.62889290 0 2 153
28.20275879 1.38955295 0 2 154
28.87349892 0.85605013 0 2 155
24.20851135 -5.56255388 0 2 156
24.12100029 -6.54582500 0 2 157
24.95508766 -6.20214701 0 2 158
18.45996475 8.46347618 0 2 159
4.31408787 6.53344393 0 2 160
18.58346367 -3.98602867 0 2 161
31.00405884 -8.30576897 0 2 162
21.92476654 -6.44683170 0 2 163
17.13964653 6.85150576 0 2 164
12.92809486 9.46089172 0 2 165
30.93294525 -0.58079481 0 2 166
17.81387901 6.88368034 0 2 167
16.94208145 3.21751380 0 2 168
20.42184067 2.65624690 0 2 169
32.80077744 -1.74191940 0 2 170
28.99973869 5.72833920 0 3 171
17.17593193 -5.35829353 0 3 172
21.18132591 3.72461295 0 3 173
25.10387802 8.01362133 0 3 174
50.55197906 1.07814240 0 3 175
31.42028427 6.68403721 0 3 176
37.53242493 -1.51130009 0 3 177
39.84856033 5.42203331 0 3 178
33.12054825 -5.78543520 0 3 179
32.68124008 -6.56708241 0 3 180
32.24201965 -2.56099176 0 3 181
30.93560028 9.52926064 0 3 182
33.98099518 5.87668848 0 3 183
28.95124054 -6.24752474 0 3 184
30.11940193 -7.48842955 0 3 185
15.31557369 7.97695827 0 3 186
30.43980408 7.90855837 0 3 187
40.13584900 4.73119211 0 3 188
20.62281990 3.23994160 0 3 189
32.00971985 3.89181447 0 3 190
18.63790131 5.41760063 0 3 191
26.09619713 -8.49475193 0 3 192
36.48792267 4.46358681 0 3 193
27.43793297 8.00125885 0 3 194
26.07519531 4.56951189 0 3 195
28.17823982 3.53195024 0 3 196
32.07298279 8.27032375 0 3 197
31.49740982 5.28592777 0 3 198
31.85472107 -4.77282715 0 3 199
23.66268730 -5.31120872 0 3 200
25.08024406 -9.33756256 0 3 201
26.61670876 -6.36467981 0 3 202
24.25803947 -3.02128530 0 3 203
33.31640244 -3.20166802 0 3 204
39.65156174 1.09844780 0 3 205
17.45262146 10.34855461 0 3 206
9.44990540 -1.84391618 0 3 207
23.71447372 -10.56483746 0 3 208
10.74671936 8.16025925 0 3 209
33.37736511 7.79818153 0 3 210
33.66639709 -6.17081356 0 3 211
31.84210587 -3.18486214 0 3 212
11.05102921 7.63986540 0 3 213
20.72743988 8.34555149 0 3 214
18.58044815 4.79189587 0 3 215
22.71010399 -3.19644380 0 3 216
21.27917862 7.17416620 0 3 217
26.03421593 -8.44246674 0 3 218
36.46401978 4.63355541 0 3 219
24.28032494 -0.83499795 0 3 220
20.22815323 -0.09474076 0 3 221
22.84147263 -3.74445105 0 3 222
24.68423271 -6.44611931 0 3 223
20.65420151 -5.54849339 0 3 224
8.06038475 5.35214186 0 14 225
-5.64238977 11.84180069 0 14 226
-3.49338913 -3.50304914 0 14 227
-3.02166653 1.19990051 0 14 228
1.54828918 0.71220201 0 14 229
-2.84036970 -8.14637947 0 14 230
-21.21779823 -12.35654640 0 14 231
-12.51902866 -3.25458384 0 14 232
-3.54904222 -5.56269503 0 14 233
-14.24308681 -4.50902605 0 14 234
-1.51022089 -1.69199026 0 14 235
4.06582451 1.79637325 0 14 236
-7.07247925 0.90857470 0 14 237
-4.74695873 -1.89802027 0 14 238
2.27488065 5.47139263 0 14 239
-11.14798641 -0.33036578 0 14 240
-24.91918755 -6.32007027 0 14 241
-7.88867521 12.14437008 0 14 242
6.72300720 1.86270332 0 14 243
4.77417850 4.89534378 0 14 244
-1.93470156 -8.30334949 0 14 245
-1.46526515 9.97719574 0 14 246
0.75112510 -0.05002941 0 14 247
-1.69244850 4.03244734 0 14 248
5.05138350 4.63315201 0 14 249
-20.92069244 -12.04479027 0 14 250
-20.35088730 3.28985810 0 14 251
-3.66863990 -3.29544497 0 14 252
3.99684930 -1.05578148 0 14 253
-12.89031887 8.46625805 0 14 254
0.05483799 6.82696724 0 14 255
2.03509736 1.50294197 0 14 256
4.75381613 6.68695736 0 14 257
4.26590157 6.43958759 0 14 258
-4.94704819 -3.24234962 0 14 259
-1.98137963 -4.77200222 0 14 260
2.01176047 -0.58393037 0 14 261
-2.30969191 -6.07853556 0 14 262
-5.08756256 0.55314440 0 14 263
-2.00351739 -0.90628773 0 14 264
-2.09292722 -4.80494595 0 14 265
-12.14953041 2.39355516 0 14 266
-26.57727432 11.84634781 0 14 267
-3.39798903 -12.84972763 0 14 268
6.51926422 -0.57438737 0 14 269
5.03489494 -0.71462351 0 14 270
5.93046808 -1.01222706 0 14 271
14.03083038 -5.58120823 0 14 272
3.71966362 3.62763095 0 14 273
-1.74741280 -0.20456658 0 14 274
5.66863394 -1.26378500 0 14 275
7.35711336 2.32172012 0 14 276
37.73914719 0.80334377 0 15 277
35.53569031 -6.30390024 0 15 278
31.83126831 8.16615582 0 15 279
31.42804337 4.71975231 0 15 280
29.01684952 -2.50706553 0 15 281
29.82104683 5.92288542 0 15 282
28.92562294 -2.78293991 0 15 283
28.21357918 -4.71512270 0 15 284
17.92496872 1.42262673 0 15 285
24.98280144 1.19247770 0 15 286
28.91213417 -2.47616839 0 15 287
15.42471504 -2.27999258 0 15 288
27.80654335 5.25811815 0 15 289
37.20284653 1.13357615 0 15 290
29.63599586 0.31950542 0 15 291
37.23503113 2.25599408 0 15 292
33.42386627 1.29403353 0 15 293
38.24699783 2.69632792 0 15 294
39.90730667 2.99602032 0 15 295
37.50140381 3.11602068 0 15 296
30.10044289 -3.47442961 0 15 297
23.06161308 6.77657747 0 15 298
32.35843658 -5.28389120 0 15 299
34.10168457 0.06525089 0 15 300
27.80990219 -5.05045843 0 15 301
18.93134308 1.00821590 0 15 302
13.56479263 1.02762902 0 15 303
23.94456863 4.79686928 0 15 304
31.62736130 4.47421312 0 15 305
37.28754044 -0.95126158 0 15 306
27.92093658 5.13694096 0 15 307
25.18247795 -4.24165440 0 15 308
16.72606468 -1.16863430 0 15 309
25.57031059 -4.63313389 0 15 310
31.30485725 7.65914917 0 15 311
24.34568977 2.00409579 0 15 312
29.35151672 -9.39337063 0 15 313
31.32344437 -2.38720036 0 15 314
27.31583595 -3.07932043 0 15 315
14.88599586 -3.97817802 0 15 316
23.09258270 -0.16219327 0 15 317
19.18754196 -4.29755259 0 15 318
20.47952271 -2.85693002 0 15 319
19.63686943 5.48312569 0 15 320
23.29895020 -1.89224589 0 15 321
21.52245903 3.93377542 0 15 322
27.39492798 1.79348922 0 15 323
25.96730614 0.13403885 0 15 324
30.23632812 -8.31844807 0 15 325
31.54366493 -1.69871533 0 15 326
32.00265503 0.93216765 0 15 327
34.03772354 1.12225354 0 15 328
36.63121414 2.72504020 0 15 329
30.13015366 3.92364788 0 15 330
40.99665833 0.66344464 0 15 331
37.14282608 6.34050179 0 15 332
27.86290359 0.38222960 0 15 333
31.64248085 0.11834119 0 15 334
19.34697342 9.30835819 0 15 335
20.80180740 0.83407992 0 15 336
30.68008995 0.91358501 0 15 337
36.03570938 1.64529181 0 15 338
30.78589058 0.33638111 0 15 339
33.79168320 1.43440545 0 15 340
39.27423096 3.21681762 0 15 341
34.89602661 1.83340609 0 15 342
34.57654572 1.39292395 0 15 343
38.63539886 2.51679969 0 15 344
40.56842422 3.42909479 0 15 345
37.01121521 2.10424638 0 15 346
27.91625786 -0.08347648 0 15 347
31.56977844 -1.28101504 0 15 348
41.66158676 3.07683849 0 15 349
46.82983017 1.19659066 0 15 350
36.42787170 1.53205824 0 15 351
28.34391022 -0.23704199 0 15 352
18.31404495 1.24196076 0 15 353
37.32066345 3.66666865 0 15 354
41.84792328 -2.64906025 0 15 355
40.87907028 5.72353029 0 15 356
47.08188629 3.31034374 0 15 357
42.72994614 2.83453846 0 15 358
37.35421753 1.99486160 0 15 359
37.49907303 3.99979687 0 15 360
37.54388428 -1.92592371 0 15 361
9.10909557 -4.55086899 0 16 362
3.62392807 1.13110995 0 16 363
4.53414583 -2.38010001 0 16 364
18.41074181 9.07000542 0 16 365
18.80550766 -0.65480608 0 16 366
2.28540277 -1.63750327 0 16 367
3.82833171 -5.00755787 0 16 368
4.55995512 -5.22826290 0 16 369
3.45816326 -4.73071051 0 16 370
3.75494695 -5.39704084 0 16 371
26.80103302 -3.66195130 0 16 372
29.91020584 7.54427862 0 16 373
6.25448942 0.37821433 0 16 374
10.80601501 0.65326071 0 16 375
20.50217628 -3.73052621 0 16 376
17.21753693 1.32479227 0 16 377
5.07347584 0.54709095 0 16 378
3.02049136 -4.70620823 0 16 379
2.75710583 1.20036304 0 16 380
10.27730656 -3.89931178 0 16 381
28.63908386 -9.52888298 0 16 382
36.36443329 -4.70022345 0 16 383
10.26854706 -4.01790762 0 16 384
19.22658348 -5.92824793 0 16 385
34.55412292 3.44169998 0 16 386
15.45723438 1.77778971 0 16 387
3.46485734 0.43695635 0 16 388
5.28479052 -2.62839174 0 16 389
14.88725185 -0.88303143 0 16 390
15.54799080 -1.07202053 0 16 391
17.40616798 -0.11671487 0 16 392
16.83219719 1.99687004 0 16 393
29.04541969 -9.43603706 0 16 394
34.04895020 -1.03327775 0 16 395
27.90176392 -4.92040300 0 16 396
31.49218369 -7.62310553 0 16 397
24.18965721 -9.08744907 0 16 398
14.62931919 -1.28893411 0 16 399
34.33566284 -2.27709985 0 16 400
40.34270096 -3.24666405 0 16 401
34.62143326 3.68926144 0 16 402
27.28101921 4.42653656 0 16 403
17.24027252 -0.55263895 0 16 404
13.07034206 0.64874238 0 16 405
23.73147964 0.41215813 0 16 406
40.00017929 2.32633948 0 16 407
45.05868149 0.48949486 0 16 408
45.07765579 7.18527603 0 16 409
47.80028152 0.94745231 0 16 410
41.68233871 7.10310173 0 16 411
30.42014503 -5.73824215 0 16 412
23.44813538 0.27765036 0 16 413
36.04711914 -6.22466707 0 16 414
29.73158455 2.65563297 0 16 415
26.11432076 -0.15972537 0 16 416
49.74714661 0.34558034 0 16 417
50.62053299 4.84295130 0 16 418
30.07156754 -0.78142840 0 16 419
22.04978561 4.43012333 0 16 420
29.47889519 3.88119578 0 16 421
31.37080193 0.63556421 0 16 422
32.80321121 2.91353726 0 16 423
34.00326157 -4.39566326 0 16 424
45.87181854 1.62810457 0 16 425
40.56630325 -2.99197721 0 16 426
26.77864647 5.84824324 0 16 427
34.74645615 -3.87168288 0 16 428
42.66858673 5.01836586 0 16 429
28.26633263 -3.98633647 0 16 430
36.42022324 -6.96809721 0 16 431
42.50403595 -1.83605647 0 16 432
49.74026489 -0.03552191 0 16 433
32.79071426 0.12879716 0 16 434
29.72975159 4.20410442 0 16 435
25.18684959 -3.99186730 0 16 436
28.02784348 -3.51321387 0 16 437
31.75029945 -6.36412001 0 16 438
41.53332901 8.09608841 0 16 439
44.77638626 1.48333037 0 16 440
34.55154037 -5.29197598 0 16 441
42.51914978 0.85066539 0 16 442
35.65338898 0.20271701 0 16 443
32.82214355 -0.66386098 0 16 444
37.19970322 -4.36088419 0 16 445
32.65594482 1.23957205 0 16 446
38.72780609 6.48900127 0 16 447
50.39676285 8.12512016 0 16 448
47.10401917 0.11432420 0 16 449
34.02011871 2.25706840 0 16 450
29.55318451 3.93787646 0 16 451
38.88509369 -0.38718069 0 16 452
42.85384750 5.60173941 0 16 453
43.64081573 1.78425491 0 16 454
23.53233528 -7.28036547 0 16 455
33.36798096 -1.41515386 0 16 456
50.44034576 1.00385022 0 16 457
48.43631744 7.61829138 0 16 458
41.00959015 1.03705680 0 16 459
37.08918762 6.15731525 0 16 460
42.41930389 -1.62980783 0 16 461
58.62278366 8.62261391 0 17 462
58.88582230 11.86934566 0 17 463
58.15590668 9.86055565 0 17 464
61.68614960 12.73958778 0 17 465
60.85763931 12.14899731 0 17 466
61.67816544 10.44077492 0 17 467
64.06269073 14.08932495 0 17 468
64.63076019 13.76654243 0 17 469
64.43771362 12.61955738 0 17 470
62.05172729 12.55874729 0 17 471
60.05049133 13.32123470 0 17 472
59.80652618 9.85229301 0 17 473
66.20582581 13.13410282 0 17 474
65.64942169 13.75803566 0 17 475
61.90478516 11.97721577 0 17 476
63.05210495 11.99681187 0 17 477
58.36431885 10.13698101 0 17 478
60.33404160 11.08307934 0 17 479
62.66780472 13.09993839 0 17 480
61.87048340 12.19855595 0 17 481
63.02163315 12.59379673 0 17 482
64.12689209 14.08702374 0 17 483
56.46632385 8.09440708 0 17 484
56.59220123 9.15598583 0 17 485
65.20387268 12.86174583 0 17 486
63.15518188 11.43282700 0 17 487
58.72465897 11.33364487 0 17 488
59.92453003 10.01401234 0 17 489
61.12889481 12.77186871 0 17 490
63.14311218 12.91694450 0 17 491
65.39666748 13.70120621 0 17 492
64.52114105 14.16629982 0 17 493
57.79864120 10.11102390 0 17 494
57.92072296 9.61105728 0 17 495
65.83332062 13.53420162 0 17 496
65.58362579 12.94324970 0 17 497
63.98950577 13.06134319 0 17 498
63.35898209 13.43349552 0 17 499
64.12598419 11.89124393 0 17 500
64.78751373 13.53741360 0 17 501
61.74861145 13.41260529 0 17 502
60.45529556 11.63137627 0 17 503
61.42132950 10.90861416 0 17 504
59.12762451 10.96157169 0 17 505
61.63989258 10.91974640 0 17 506
66.42240143 14.52333450 0 17 507
65.90821838 14.11382866 0 17 508
66.21075439 13.36703014 0 17 509
64.92958832 12.38490200 0 17 510
67.10459137 13.70219707 0 17 511
66.60389709 13.14947796 0 17 512
64.40223694 12.62560081 0 17 513
64.90962982 14.24655914 0 17 514
60.12324905 13.06851578 0 17 515
59.24162292 10.12355900 0 17 516
62.47229004 12.19010353 0 17 517
61.28958130 12.63500977 0 17 518
61.14262390 11.61141968 0 17 519
62.09526062 14.34104919 0 17 520
66.54095459 13.77456665 0 17 521
63.89129639 12.94300175 0 17 522
65.15972137 11.93728542 0 17 523
65.98723602 15.01460552 0 17 524
63.17877960 13.92974281 0 17 525
65.30770111 13.49514294 0 17 526
66.57204437 13.93805408 0 17 527
65.68938446 12.58694267 0 17 528
59.63241959 11.43407726 0 17 529
57.94221115 10.63146877 0 17 530
62.49197769 10.23010349 0 17 531
65.44921112 14.83171272 0 17 532
65.76693726 12.51508617 0 17 533
66.85178375 13.85803509 0 17 534
62.28420639 10.96786976 0 17 535
46.07595825 4.58558846 0 18 536
49.39976501 4.39929771 0 18 537
54.15153885 9.24470139 0 18 538
57.16134262 9.13873386 0 18 539
49.04006195 5.96161366 0 18 540
52.66258621 6.82977390 0 18 541
55.84660339 7.57239199 0 18 542
52.62675095 4.69812107 0 18 543
53.99757767 9.97616577 0 18 544
44.45197296 5.52907610 0 18 545
45.63001251 3.06219125 0 18 546
53.29932022 8.18114185 0 18 547
50.95106506 6.52423716 0 18 548
55.24701309 6.72713232 0 18 549
51.67815781 6.97023439 0 18 550
50.27282715 6.50696373 0 18 551
42.36087799 3.62204194 0 18 552
33.25888824 0.77621800 0 18 553
36.13590240 3.03816223 0 18 554
48.25894165 5.83320189 0 18 555
46.11088562 5.77361584 0 18 556
49.13033295 1.96168768 0 18 557
47.66365051 6.04319334 0 18 558
38.46117783 1.82710993 0 18 559
39.39758682 3.72675061 0 18 560
40.24451065 3.80111933 0 18 561
46.39257431 2.78050137 0 18 562
44.69050598 3.34649658 0 18 563
41.16799164 4.32901430 0 18 564
49.46197891 1.57403123 0 18 565
49.99328232 5.08332634 0 18 566
51.32110977 8.30760670 0 18 567
50.45251083 5.77185488 0 18 568
47.51587296 4.74363756 0 18 569
50.86500549 6.41012001 0 18 570
48.45486450 4.05701494 0 18 571
47.58249283 3.84462380 0 18 572
47.16521454 4.42134047 0 18 573
41.83370972 3.46474028 0 18 574
48.24025345 2.65252185 0 18 575
46.62013626 6.39046335 0 18 576
33.89178467 -4.57796144 0 18 577
36.39976501 2.13293052 0 18 578
47.94737244 5.47542381 0 18 579
47.59437943 3.64995408 0 18 580
47.55080414 1.46246779 0 18 581
46.88743591 2.50627065 0 18 582
37.91519165 2.67351365 0 18 583
46.00207520 3.62509131 0 18 584
42.34021759 4.85086250 0 18 585
35.97820282 -1.96536684 0 18 586
40.69861984 3.46384406 0 18 587
43.93834305 3.42280483 0 18 588
44.58911133 4.04611588 0 18 589
47.59562302 2.99152875 0 18 590
48.22884750 6.24260378 0 18 591
39.88528061 -2.28095794 0 18 592
38.55489731 3.96030927 0 18 593
38.43583679 3.49794102 0 18 594
42.69508743 3.38598776 0 18 595
46.35561752 4.40208578 0 18 596
43.70074463 3.02407432 0 18 597
45.37521744 5.17905235 0 18 598
38.87556458 -0.06679990 0 18 599
34.47808456 0.75419658 0 18 600
32.36596680 -0.65415370 0 18 601
35.77437973 1.10794771 0 18 602
35.45222092 2.25981879 0 18 603
30.09211540 1.35266852 0 18 604
28.41975212 -0.55256879 0 18 605
12.97785282 6.29482603 0 19 606
9.80236721 2.36980152 0 19 607
2.54815269 10.79226780 0 19 608
23.72693253 2.61616087 0 19 609
19.42643166 6.49752140 0 19 610
-3.03308249 -3.62189388 0 19 611
15.05932426 9.65695572 0 19 612
31.27094841 2.53918719 0 19 613
24.43276024 -9.07716656 0 19 614
13.12551403 6.49441004 0 19 615
10.60561085 3.64129066 0 19 616
23.02282906 -6.47142076 0 19 617
14.97069263 4.58645535 0 19 618
25.69036293 2.69778085 0 19 619
13.03182507 2.53794789 0 19 620
2.53879118 10.80178642 0 19 621
32.66384888 2.19192791 0 19 622
28.19643593 -2.50293374 0 19 623
1.82489228 6.87809420 0 19 624
18.35821152 -1.99333441 0 19 625
18.64046288 2.34224701 0 19 626
5.66056728 9.11049557 0 19 627
11.40328979 8.83695793 0 19 628
35.08312988 8.44681168 0 19 629
39.40549088 1.87646091 0 19 630
22.94036484 -9.37319469 0 19 631
-10.82739449 5.32912540 0 19 632
3.76431441 2.34330797 0 19 633
6.10788155 3.03239059 0 19 634
14.45787430 4.53395987 0 19 635
23.44257355 1.96882367 0 19 636
15.22898769 -5.48693132 0 19 637
8.29399395 7.61957788 0 19 638
5.84824944 8.79013538 0 19 639
10.18763542 4.26457548 0 19 640
9.94999504 0.57757628 0 19 641
7.02543449 -0.47773868 0 19 642
28.36208153 -7.74467993 0 19 643
1.13077915 -5.98356676 0 19 644
-1.72699451 6.89811468 0 19 645
22.06105804 6.39903307 0 19 646
19.07538033 3.46319056 0 19 647
20.22824860 -4.84565926 0 19 648
19.30615997 2.24589968 0 19 649
18.04385376 -5.60742092 0 19 650
30.00731277 -6.48962498 0 19 651
41.66895294 -1.84359550 0 19 652
16.47083092 -6.05089951 0 19 653
8.13726139 7.75791359 0 19 654
18.64896965 -4.46787357 0 19 655
18.86835670 4.88761950 0 19 656
25.12246895 -1.74018133 0 19 657
27.17605591 -1.15186727 0 19 658
10.04453754 5.12410736 0 19 659
14.51910686 2.30974364 0 19 660
22.82755470 -8.59634781 0 19 661
37.17084885 -4.31819868 0 19 662
40.94044495 -1.91917133 0 19 663
17.80935287 2.64809012 0 19 664
-4.11144590 7.87307787 0 19 665
12.10501385 6.19465351 0 19 666
20.82559395 0.75219387 0 19 667
27.31336784 2.35026240 0 19 668
33.24029160 -5.26491117 0 19 669
25.50148392 6.95495033 0 19 670
18.12140656 -5.58391190 0 19 671
-7.08341789 7.49142742 0 19 672
8.11630726 3.47437668 0 19 673
10.93421745 2.72871184 0 22 674
13.00010681 9.44455338 0 22 675
20.40107727 -7.58678150 0 22 676
0.55373436 -7.98829317 0 22 677
21.83624649 6.85318661 0 22 678
21.87239838 -1.38112783 0 22 679
17.99604988 -3.78735137 0 22 680
17.35896111 4.88990211 0 22 681
17.46837234 -7.45912552 0 22 682
12.96990490 4.13261032 0 22 683
23.16427422 8.23025799 0 22 684
25.80851173 -2.71052313 0 22 685
29.36440277 8.58588123 0 22 686
22.23851395 8.72327137 0 22 687
45.04287720 6.77843714 0 22 688
36.14582062 -6.40876341 0 22 689
28.07104874 -7.38164616 0 22 690
20.38446808 -7.64806271 0 22 691
16.15735245 8.46023178 0 22 692
28.83496666 0.41450357 0 22 693
27.26028252 0.10833272 0 22 694
22.71249771 3.06853199 0 22 695
21.87062454 4.70420599 0 22 696
25.14154243 0.78463125 0 22 697
21.52880287 -0.22999142 0 22 698
24.75458717 6.76388741 0 22 699
24.78180885 -0.27020279 0 22 700
22.23996925 0.44377154 0 22 701
24.63843727 -4.99847889 0 22 702
34.40581894 -2.13815522 0 22 703
26.32244110 -5.98073053 0 22 704
17.35644531 2.97428608 0 22 705
9.08582497 3.59525728 0 22 706
11.92711067 -0.26739091 0 22 707
19.84123421 4.30689621 0 22 708
23.88200378 -1.44900858 0 22 709
34.67933273 3.35536528 0 22 710
37.11639404 -0.47966588 0 22 711
25.90270615 -1.42324364 0 22 712
21.47482872 1.61101854 0 22 713
32.13758469 -5.74045801 0 22 714
50.66256714 6.26101589 0 23 715
51.00519180 4.01156139 0 23 716
44.78992462 2.69426370 0 23 717
54.21773529 7.29624939 0 23 718
61.47634888 14.73981762 0 23 719
53.27199554 6.77379560 0 23 720
47.16995621 4.78486395 0 23 721
50.27695084 4.52434349 0 23 722
42.75509262 1.90626121 0 23 723
43.22883606 3.79535842 0 23 724
54.86508179 7.60359669 0 23 725
48.59941483 3.20538068 0 23 726
46.92726517 5.56552458 0 23 727
49.89928055 5.83599758 0 23 728
45.37119675 4.80701447 0 23 729
53.50040436 6.91356373 0 23 730
52.14804077 6.73058033 0 23 731
55.54669189 8.77442360 0 23 732
55.64021301 9.67247200 0 23 733
51.94692230 5.29968691 0 23 734
48.50733566 4.69449997 0 23 735
45.80399323 5.45120859 0 23 736
45.34557343 3.90181184 0 23 737
58.00524139 8.47695827 0 23 738
54.96531296 10.28866768 0 23 739
48.58436584 5.35180187 0 23 740
38.10477066 5.47754383 0 23 741
50.16855240 7.63690948 0 23 742
54.93761063 10.45253372 0 23 743
51.07527542 3.96144557 0 23 744
46.56358337 2.29057360 0 23 745
50.91673279 3.37660098 0 23 746
53.99659348 8.64193726 0 23 747
49.11035919 3.46811247 0 23 748
55.86878204 8.73987198 0 23 749
56.75210190 10.77692223 0 23 750
48.96206665 4.82353306 0 23 751
48.97446442 3.45568895 0 23 752
53.79049683 9.10056019 0 23 753
52.41746140 7.49371386 0 23 754
47.34143066 7.02500725 0 23 755
56.18214417 10.06745720 0 23 756
57.34592438 11.42658615 0 23 757
56.15249252 7.94610882 0 23 758
53.33500671 8.89700699 0 23 759
57.61468506 10.47819996 0 23 760
57.75063705 8.90649700 0 23 761
49.53425217 5.92951107 0 23 762
56.20241547 9.00307655 0 23 763
54.51039505 7.88011169 0 23 764
54.64647675 9.35802269 0 23 765
58.05930710 12.10676956 0 23 766
60.93512344 9.39934826 0 23 767
-33.85124969 -9.49558067 1 4 768
-37.61909485 -8.27694798 1 4 769
-18.77775955 -8.29724216 1 4 770
-22.13763428 3.12406063 1 4 771
-28.32399940 -6.23698616 1 4 772
-40.38962173 -9.21588039 1 4 773
-33.42739487 -3.60759568 1 4 774
-19.37743759 -1.50109577 1 4 775
-27.85534668 -0.36060494 1 4 776
-32.04779816 -3.19731236 1 4 777
-20.08769608 -1.69184220 1 4 778
-28.84572411 -2.09283566 1 4 779
-36.89419937 -8.52054691 1 4 780
-31.58340645 -2.93476939 1 4 781
-18.23978233 -6.08340549 1 4 782
-17.50498962 -0.11034502 1 4 783
-49.57750702 0.54406518 1 4 784
-34.00555038 -15.28853607 1 4 785
-21.60955238 7.65855312 1 4 786
-35.09277344 9.10362053 1 4 787
-46.58534622 0.29506919 1 4 788
-23.70970154 -0.37291670 1 4 789
-9.49314690 1.18902516 1 4 790
-32.71988297 -11.42339420 1 4 791
-38.49861526 -1.09554124 1 4 792
-12.47169876 -2.38912249 1 4 793
-13.45946312 -3.11630702 1 4 794
-13.48227596 5.53851604 1 4 795
-18.14852142 -2.48938179 1 4 796
-13.14021206 7.21853256 1 4 797
-13.24952126 -2.00749183 1 4 798
-13.56406593 5.45105553 1 4 799
-27.60816002 -11.08938313 1 4 800
-15.15643501 -0.23795813 1 4 801
-9.98123741 2.92873263 1 4 802
-13.49887753 -6.40773773 1 4 803
-11.40025711 -5.13555527 1 4 804
-13.84672451 -3.28893352 1 4 805
-25.39767838 0.69231123 1 4 806
-44.18975830 -0.85460341 1 4 807
-40.38138580 -1.47551858 1 4 808
-17.95711327 1.56880128 1 4 809
-20.30623245 -0.78861421 1 4 810
-26.50529289 1.24776232 1 4 811
-45.22739792 -2.90355945 1 4 812
-21.36843491 -3.91463900 1 4 813
-13.39590836 -1.69978881 1 4 814
-27.98976517 -3.03159904 1 4 815
-18.15580940 10.38140583 1 5 816
-4.34828663 -1.70166707 1 5 817
-8.83983135 11.54087925 1 5 818
-42.44163895 2.98841286 1 5 819
-41.19550705 -1.70926118 1 5 820
-19.10681152 0.46375862 1 5 821
-16.35405350 4.89445496 1 5 822
-15.36201000 -11.48436451 1 5 823
-23.16825867 -7.59302425 1 5 824
-28.94532585 1.52376652 1 5 825
-18.48631287 -8.68884659 1 5 826
-16.21665955 -6.25788116 1 5 827
-19.69825363 -4.42166948 1 5 828
-39.70624161 -7.91066170 1 5 829
-31.21718216 -5.58208847 1 5 830
-13.16258717 -7.25469494 1 5 831
-18.09309387 4.60308456 1 5 832
-10.40145206 -8.75882149 1 5 833
-19.71874809 -9.40044689 1 5 834
-29.49634361 10.52250671 1 5 835
-30.24774742 3.94034219 1 5 836
-32.01983643 3.15577531 1 5 837
-25.25251961 -0.18259986 1 5 838
-42.85195541 3.24482059 1 5 839
-32.32553864 10.83318233 1 5 840
-23.34187889 -9.93782616 1 5 841
-19.03516388 -12.32677364 1 5 842
-18.04588127 3.05961895 1 5 843
-16.12000847 -4.00356531 1 5 844
-23.71194649 7.27878714 1 5 845
-46.45519257 0.40069166 1 5 846
-26.55749702 -11.26795959 1 5 847
-15.90686512 -1.87130177 1 5 848
-40.78138733 -9.86395454 1 5 849
3.11041331 -3.07235694 1 5 850
16.29333305 8.67021561 1 5 851
7.28728294 -3.36185241 1 5 852
-30.07046890 -2.81919384 1 5 853
-29.53393173 -4.64428282 1 5 854
-34.15184402 -6.57350349 1 5 855
-2.85879803 5.86832047 1 6 856
3.44412351 4.46001339 1 6 857
0.75304943 4.46220684 1 6 858
-0.58240187 2.77915812 1 6 859
-6.84263372 -7.48651505 1 6 860
-5.37237644 1.15798104 1 6 861
-15.81390667 -0.07170643 1 6 862
-5.42786598 5.01704168 1 6 863
-9.10300064 5.06567430 1 6 864
-2.55776310 2.90328121 1 6 865
-0.75934505 4.92359114 1 6 866
-7.27834606 11.31361485 1 6 867
-24.77604675 -1.74389946 1 6 868
-14.99985504 1.00047708 1 6 869
-13.75572109 4.26229048 1 6 870
-23.79627037 11.47193813 1 6 871
-5.90219688 -13.94631767 1 6 872
-5.57057047 2.94200468 1 6 873
-18.95106697 -0.66660744 1 6 874
-12.36295509 1.96154988 1 6 875
-15.23858261 -5.17500877 1 6 876
-17.15497589 6.39668083 1 6 877
-1.37871540 -3.12923765 1 6 878
-3.94929218 -4.93507051 1 6 879
-2.43255305 -5.93068361 1 6 880
-6.93651247 1.18553078 1 6 881
-13.64709759 -9.28827381 1 6 882
-21.03640175 4.99914408 1 6 883
-9.83660507 7.59898615 1 6 884
-8.40093327 3.16156626 1 6 885
4.42078972 5.26229715 1 6 886
2.87332702 -3.04798293 1 6 887
-21.96441269 5.31611586 1 6 888
-17.87508774 -5.27552032 1 6 889
-6.99207973 2.17579961 1 6 890
-8.53802109 -0.60986942 1 6 891
-5.07862139 7.15929174 1 6 892
-20.51255608 0.19440700 1 6 893
-22.17986298 -7.35294056 1 6 894
4.11492205 7.08870697 1 6 895
2.49241257 4.42581320 1 6 896
-12.11388779 -5.57900906 1 6 897
-22.83670998 -7.31552505 1 6 898
-9.18526363 -7.41603422 1 6 899
-6.60437012 11.25879669 1 6 900
-9.96198368 7.64397812 1 6 901
-9.76258564 -2.02896404 1 6 902
-7.42768383 0.72215080 1 6 903
-13.08602238 8.35437107 1 6 904
-18.69686508 -2.92830467 1 6 905
-7.02807903 -9.03987598 1 6 906
-4.76735973 0.71168226 1 6 907
-16.44690514 0.94987488 1 6 908
-22.98848724 -14.94453335 1 6 909
-7.23078632 -9.23352432 1 6 910
-11.03004837 0.11780162 1 6 911
-1.55574512 -7.06656504 1 6 912
-5.65324831 -11.55902386 1 6 913
-9.68910980 -5.41900349 1 6 914
2.18237662 -3.45630383 1 6 915
-5.85256481 1.33224380 1 6 916
-8.31770515 -0.49010822 1 6 917
-9.55144310 -0.07352495 1 6 918
-12.04546452 -0.91869766 1 6 919
-10.96867371 4.81581450 1 6 920
1.56728113 5.55199385 1 6 921
-1.22881615 1.73808265 1 6 922
-8.00098228 -3.14079142 1 6 923
-6.54693556 4.74650955 1 6 924
1.09225023 -5.63626242 1 6 925
-1.89540172 6.39350557 1 6 926
-47.45826721 -9.02296543 1 7 927
-41.56586456 -5.02623129 1 7 928
-37.55775833 -6.84724855 1 7 929
-36.00041580 -6.47065592 1 7 930
-37.58755875 -12.36783028 1 7 931
-38.79091644 -6.87195444 1 7 932
-34.01711655 0.01926722 1 7 933
-31.59579468 -11.71433163 1 7 934
-42.63562775 5.64704084 1 7 935
-36.00162888 8.30591202 1 7 936
-38.48977280 -13.53704739 1 7 937
-28.41977882 -10.46051407 1 7 938
-34.13178253 0.06653359 1 7 939
-40.36848068 -7.41662884 1 7 940
-41.59992981 -4.96766186 1 7 941
-39.27889633 -5.19028234 1 7 942
-36.58914185 -1.35222995 1 7 943
-43.22783661 -5.58402252 1 7 944
-49.13024521 -2.92908239 1 7 945
-31.42109871 4.85000086 1 7 946
-37.60886383 6.97382307 1 7 947
-42.83445358 -1.54276276 1 7 948
-44.81779480 -8.99333477 1 7 949
-36.61951065 -4.90164471 1 7 950
-29.70768929 -8.16955376 1 7 951
-27.76382446 -7.83512688 1 7 952
-33.79327774 -0.82514614 1 7 953
-38.54084778 -5.69828033 1 7 954
-50.46000671 -3.68235040 1 7 955
-21.46555710 -16.25031471 1 7 956
-31.19559288 -4.01536798 1 7 957
-30.23061371 -12.78814793 1 7 958
-27.51301575 -7.10881472 1 7 959
-30.31905937 -6.46534729 1 7 960
-26.51374817 3.61492920 1 7 961
-29.96857262 4.43358135 1 7 962
-40.41239929 -1.83173501 1 7 963
-42.30564499 -4.53822660 1 7 964
-43.47423172 -6.06633520 1 7 965
-40.28745651 -6.48372746 1 7 966
-49.55410385 -3.54812002 1 7 967
-42.98906708 0.81649703 1 7 968
-34.57094574 -4.77816057 1 7 969
-24.90244102 -8.70455837 1 7 970
-26.09607124 3.94108343 1 7 971
-18.17840004 -9.95756626 1 7 972
-33.79155731 3.16516232 1 7 973
-10.17743015 -9.14803219 1 8 974
3.25105619 -5.79278946 1 8 975
-4.19785070 3.64569187 1 8 976
-11.49082756 1.27932036 1 8 977
-22.42206764 1.33586431 1 8 978
-24.20987129 -4.29732466 1 8 979
-21.73689079 -7.34723616 1 8 980
-15.60743523 -12.52207184 1 8 981
-14.48168945 -3.55190897 1 8 982
0.80221272 4.35817194 1 8 983
-0.54110795 2.51171756 1 8 984
-28.37129211 -1.74682891 1 8 985
-25.94001007 5.93201685 1 8 986
-29.45169830 4.81207657 1 8 987
-28.78313255 -6.37849903 1 8 988
-29.41534996 -11.69145393 1 8 989
-22.00191498 -10.07547760 1 8 990
-5.12665176 -10.86339569 1 8 991
8.33603382 5.25354195 1 8 992
7.97376156 -6.23231506 1 8 993
-21.43150520 7.64833641 1 8 994
-11.78246307 -12.80563450 1 8 995
-14.11062622 -0.72561330 1 8 996
-35.15245819 5.75856209 1 8 997
-10.25393295 11.00067902 1 8 998
-1.27897775 2.37972832 1 8 999
-8.64906979 1.98837066 1 8 1000
-11.74722672 -2.01605630 1 8 1001
-12.54741096 -16.27292061 1 8 1002
-34.48403168 2.62364697 1 8 1003
-37.83047104 -0.53938460 1 8 1004
-19.17151260 6.78261900 1 8 1005
-10.21022987 2.81952453 1 8 1006
-12.98182774 -5.24826908 1 8 1007
-5.92208052 -1.20432019 1 8 1008
-15.77991772 -13.44097042 1 8 1009
-31.23650932 -0.67376167 1 8 1010
-25.95857239 -4.61893749 1 8 1011
-26.48083496 -5.99163389 1 8 1012
-19.41792107 -8.97013569 1 8 1013
-24.22207451 -3.79842448 1 8 1014
-25.22916603 -0.55835772 1 8 1015
-18.82093620 6.89285278 1 8 1016
0.54248393 -4.21971941 1 8 1017
-6.47869396 10.02121449 1 8 1018
-44.34097672 -0.60920340 1 8 1019
-17.91232491 -1.59537077 1 8 1020
-6.69091082 -0.92280489 1 8 1021
-26.98539352 3.15796304 1 8 1022
-25.37200737 -13.43018818 1 8 1023
-14.84403419 3.49666333 1 8 1024
-17.53194809 -2.56591129 1 8 1025
-29.24413490 -0.75214529 1 8 1026
-21.99353027 -2.86708784 1 8 1027
-6.14051485 -4.94274950 1 8 1028
-17.12588310 -8.57493305 1 8 1029
-43.48063660 -2.61353230 1 8 1030
-41.79567719 -0.25853440 1 8 1031
-18.68251038 -5.72568226 1 8 1032
-26.67196465 -1.21178591 1 8 1033
-20.33532906 -7.90995789 1 8 1034
-14.01547909 11.37852192 1 8 1035
-36.57876587 -5.34183550 1 8 1036
-50.00069046 -9.46485806 1 8 1037
-43.19050217 -0.55629861 1 8 1038
-22.84355354 2.98236966 1 8 1039
-25.03215981 -8.79960060 1 8 1040
-16.18260193 1.10997331 1 8 1041
-24.04080963 -0.88080651 1 8 1042
-11.67803097 10.77829266 1 8 1043
-34.52652359 4.73385859 1 8 1044
-32.26839447 10.84041595 1 8 1045
-16.76864815 -7.25905561 1 8 1046
-15.95871544 -1.97592068 1 8 1047
-7.26534176 11.60845757 1 8 1048
-22.08698273 -2.05549169 1 8 1049
-30.87898445 5.89274979 1 8 1050
-4.98591137 -10.79774857 1 8 1051
-9.97086048 -2.22811103 1 8 1052
-7.73305416 -1.10107827 1 8 1053
-8.88750076 4.29787397 1 8 1054
14.87046528 -4.61193180 1 8 1055
6.92286301 -2.09196234 1 8 1056
-26.89793968 -11.39500618 1 8 1057
-36.88688278 6.07000256 1 8 1058
-21.95115280 3.84151697 1 8 1059
-9.37719154 -3.51137805 1 8 1060
-15.40972614 5.93485737 1 8 1061
-34.27610397 -1.68988609 1 8 1062
-27.52342224 -2.70726347 1 8 1063
-23.88979721 -5.87909555 1 8 1064
-37.41996002 0.73495770 1 8 1065
-32.94564438 -7.85938835 1 8 1066
-7.69771719 -7.47215605 1 8 1067
-2.29352403 4.29557896 1 8 1068
-20.13453865 1.55641055 1 8 1069
-29.25161552 10.52876949 1 8 1070
-12.98772907 -4.52960968 1 8 1071
-4.24426222 -7.41476440 1 8 1072
-6.11626482 0.26662746 1 8 1073
-5.01780176 -2.67387533 1 8 1074
-16.82039452 9.78378677 1 8 1075
-14.57091045 -6.49754047 1 8 1076
-1.46142554 1.34948885 1 8 1077
-2.61627078 1.47247100 1 8 1078
-17.69478989 -1.93423593 1 8 1079
-42.03124237 2.34659791 1 8 1080
-9.76838207 -1.10116994 1 8 1081
-32.31171799 -3.60572910 1 9 1082
-22.36699867 3.24996972 1 9 1083
-17.50390434 -12.25052738 1 9 1084
-31.71109772 0.35764292 1 9 1085
-33.06644440 -12.72480965 1 9 1086
-27.58184052 9.89109135 1 9 1087
-48.66094589 -6.28223705 1 9 1088
-42.83382416 -3.65782452 1 9 1089
-24.32529831 -10.92165375 1 9 1090
-25.09582520 2.29845142 1 9 1091
-15.18886757 3.53129578 1 9 1092
-13.50638103 -10.23638058 1 9 1093
-24.29951859 4.72549915 1 9 1094
-23.10477448 -12.39118290 1 9 1095
-46.69697952 2.28781772 1 9 1096
-38.23163605 2.12445712 1 9 1097
-35.50381470 -7.72454596 1 9 1098
-42.80328369 -9.22395992 1 9 1099
-1.62409699 10.59655380 1 9 1100
-13.43170166 -11.04890442 1 9 1101
-40.01852417 3.73868489 1 9 1102
-42.29776382 -2.60082293 1 9 1103
-39.94818497 -1.88965845 1 9 1104
-31.00441933 1.59870899 1 9 1105
-31.39097214 -8.14687347 1 9 1106
-27.35548782 -7.41426849 1 9 1107
-21.22780991 -3.64341593 1 9 1108
-10.11790180 9.68535137 1 9 1109
-8.73226452 -8.70736790 1 9 1110
-13.64243507 -5.79056311 1 9 1111
-38.86297989 -2.90181017 1 9 1112
-38.92573547 -7.25049114 1 9 1113
-12.61550713 -8.89714909 1 9 1114
-5.28603649 -5.32274675 1 9 1115
-9.63986778 -7.42247248 1 9 1116
-16.05984497 2.88897800 1 9 1117
-11.16378021 -5.91589928 1 9 1118
-6.43468952 -4.49048424 1 9 1119
-33.17826462 -4.20652866 1 9 1120
-35.48819733 -2.60119629 1 9 1121
-20.38778687 10.89826012 1 9 1122
-16.29855537 9.92401218 1 9 1123
-18.51921463 -4.10099173 1 9 1124
-13.45071220 7.13501453 1 9 1125
-9.79166698 -9.12669182 1 9 1126
-26.70475388 -16.84630394 1 9 1127
-27.51313782 -2.63638830 1 9 1128
-18.33001518 -7.34755421 1 9 1129
-29.92557144 -4.29439259 1 9 1130
-44.68558121 -3.99743366 1 9 1131
-39.33831406 2.42470884 1 9 1132
-9.83291817 -5.30376911 1 9 1133
-40.03223419 1.52323329 1 9 1134
-44.32466888 1.24431086 1 9 1135
-10.36642075 -3.15999460 1 9 1136
-12.61034966 3.16366935 1 9 1137
-26.06207848 12.17819214 1 9 1138
-32.28055191 -8.57443714 1 9 1139
-27.66686630 9.81578255 1 9 1140
-19.29489136 7.75668335 1 9 1141
-10.04786015 2.04957342 1 9 1142
-20.70972633 -15.54076385 1 9 1143
-39.73131561 -5.20579910 1 9 1144
-24.31160927 -11.01439667 1 9 1145
-25.03882980 -14.13375187 1 9 1146
-23.27820015 7.46909428 1 9 1147
-39.52122116 2.22584248 1 9 1148
-37.96298599 -2.05110693 1 9 1149
-22.10284996 -9.83086395 1 9 1150
-32.82972336 -0.25624278 1 9 1151
-30.21506310 3.94925189 1 9 1152
-11.58557129 1.11140049 1 9 1153
-2.99235439 -1.35219562 1 9 1154
-5.99221611 -8.28624821 1 9 1155
-28.13228226 -4.63739014 1 9 1156
-27.02557182 7.06713247 1 9 1157
-12.07047653 3.11333370 1 9 1158
-35.31336594 -4.90156698 1 9 1159
-32.66260910 0.88591564 1 9 1160
-10.71660042 8.17360020 1 9 1161
-34.16671371 2.95455742 1 9 1162
-20.05012894 -3.89163661 1 9 1163
-20.06771660 -10.90015221 1 9 1164
-26.61045837 -8.01215076 1 9 1165
-22.87549400 -4.21367598 1 9 1166
-25.85723877 -9.34254169 1 9 1167
-35.03485489 0.11084513 1 9 1168
-34.05192566 -15.04867458 1 9 1169
-27.69781876 5.11646700 1 9 1170
-28.05374527 5.45161295 1 9 1171
-35.09702682 4.79385757 1 9 1172
-31.46197510 6.07793474 1 9 1173
-7.66989803 -9.72729301 1 9 1174
-37.19660568 -14.93970490 1 9 1175
-21.47931099 -12.76824284 1 9 1176
-27.64582634 3.16606498 1 9 1177
-42.33727264 -0.75087142 1 9 1178
-39.25189590 -4.65518951 1 9 1179
-41.66477203 -3.16093326 1 9 1180
-25.54391289 -9.16375065 1 9 1181
-25.17465782 -1.24518287 1 9 1182
-34.23207474 -1.87340093 1 9 1183
-43.09542465 -7.66785288 1 9 1184
-38.34106827 6.43544531 1 9 1185
-33.80451965 -9.62488270 1 9 1186
-16.44045448 -0.92707443 1 9 1187
-14.98907661 -0.50440407 1 9 1188
-34.23370361 -13.64776897 1 9 1189
-40.48016357 -14.47504330 1 9 1190
-10.41392136 -12.23287296 1 9 1191
-3.36928964 1.34664404 1 9 1192
-20.51994896 5.16912556 1 9 1193
-20.01671982 -15.72275162 1 9 1194
-24.80558205 -5.43345547 1 9 1195
-24.77605438 5.52050591 1 9 1196
-16.73682785 -14.50477123 1 9 1197
-45.03156281 -9.25694847 1 9 1198
-38.67883301 5.20696592 1 9 1199
-20.69728851 -11.85929871 1 9 1200
-9.94914341 0.77098686 1 9 1201
-18.15942383 -11.80104828 1 9 1202
-28.01424789 -5.99101543 1 9 1203
-12.65507603 0.30067056 1 9 1204
0.01450158 -1.72228456 1 9 1205
-2.08790970 -2.02516341 1 9 1206
-25.45098305 -5.67981148 1 9 1207
-37.58839035 -0.78094292 1 9 1208
-10.89879513 4.33730030 1 9 1209
-13.33705807 -1.08051634 1 9 1210
-19.70935440 1.70737636 1 9 1211
-24.33705902 -4.02974701 1 9 1212
-6.55386114 -3.53965878 1 9 1213
-31.47423172 -0.27865046 1 10 1214
-17.32104874 -4.63765669 1 10 1215
-8.37213421 -2.71172166 1 10 1216
-7.12789583 4.11314011 1 10 1217
-8.74382305 0.61852688 1 10 1218
-15.33116341 6.38985634 1 10 1219
-40.48733521 -1.91741288 1 10 1220
4.92427206 -6.00104904 1 10 1221
5.76626873 -4.12695312 1 10 1222
-6.60176754 -1.52992702 1 10 1223
-11.86325645 -4.00885582 1 10 1224
-24.46207428 5.48285294 1 10 1225
-15.18403339 3.57775044 1 10 1226
-4.23059940 2.50870514 1 10 1227
-13.32315922 1.67434239 1 10 1228
-18.70071411 -11.96785736 1 10 1229
-29.37332916 -17.63447762 1 10 1230
-12.62308121 -13.56794262 1 10 1231
3.01536059 -8.11283588 1 10 1232
-12.51692295 -3.18670034 1 10 1233
-23.17366409 -1.99904525 1 10 1234
-28.45385170 3.86513829 1 10 1235
-28.82170486 1.18409181 1 10 1236
-16.72718430 0.09453505 1 10 1237
-33.94974136 5.89730024 1 10 1238
-43.89138412 -1.54868841 1 10 1239
-20.01748657 -2.69765162 1 10 1240
-21.35122108 -1.04336333 1 10 1241
-31.40948677 -5.54043961 1 10 1242
-25.19339371 0.77696347 1 10 1243
-13.43298912 -6.72172499 1 10 1244
-23.88194275 3.80435538 1 10 1245
-9.58594227 -5.20164442 1 10 1246
-4.56148958 -9.02182198 1 10 1247
-27.80037689 -4.57731009 1 10 1248
-13.24728775 0.38458788 1 10 1249
-19.10423660 -7.02701998 1 10 1250
-13.03124237 3.42120075 1 10 1251
-24.45259094 -7.64911985 1 10 1252
-17.56131172 -17.36970901 1 10 1253
2.11787367 9.24621105 1 10 1254
-1.48442841 10.20394230 1 10 1255
17.89339447 -0.34954998 1 10 1256
-9.55722809 1.27127564 1 10 1257
-13.48660183 -10.44486618 1 10 1258
-16.07732773 2.81760430 1 10 1259
-9.81400394 1.40043604 1 10 1260
-15.26056290 -5.17760992 1 10 1261
-5.39283752 -2.76162624 1 10 1262
-10.17630100 -0.17390944 1 10 1263
-10.85760117 -1.25247014 1 10 1264
-28.74030113 2.57830000 1 10 1265
-5.67936611 -5.86625338 1 10 1266
-8.28249550 -2.71300411 1 10 1267
-7.59555387 8.11579609 1 10 1268
-38.84315109 -3.33260107 1 10 1269
-33.97071457 -4.59457159 1 10 1270
-23.73051262 0.50181317 1 10 1271
-12.60642529 -13.59493923 1 10 1272
-11.24646378 -5.35178947 1 10 1273
-9.44207001 -3.47925329 1 10 1274
-7.69110775 -6.57626534 1 10 1275
-26.57189560 -4.26173782 1 10 1276
-47.92811203 -7.67811632 1 10 1277
-38.51942062 -6.06820107 1 10 1278
-32.38187790 -5.83453655 1 10 1279
0.90204883 2.28421926 1 10 1280
10.91349125 2.07645464 1 10 1281
13.03744221 0.26895654 1 10 1282
3.74783731 -1.75176692 1 10 1283
-25.11431313 13.96484280 1 11 1284
-21.36061287 1.73368633 1 11 1285
-29.58346748 6.42953777 1 11 1286
-22.68116951 -1.03437912 1 11 1287
-47.47500610 -6.35093880 1 11 1288
-46.82205963 -7.45050859 1 11 1289
-45.05041504 -6.72527361 1 11 1290
-49.11323547 -8.69076252 1 11 1291
-41.90018082 -6.53771639 1 11 1292
-29.37842941 -17.59960175 1 11 1293
-42.82841110 -3.16617584 1 11 1294
-40.25587845 -3.78760910 1 11 1295
-48.00497055 -4.90091896 1 11 1296
-37.14735413 -6.21352243 1 11 1297
-35.55513382 5.61690521 1 11 1298
-45.65773010 -1.16760528 1 11 1299
-48.54484177 -4.62316084 1 11 1300
-47.80233383 -6.07107687 1 11 1301
-47.99471283 -7.19939661 1 11 1302
-44.15731430 -7.75310993 1 11 1303
-24.11342812 12.80832005 1 11 1304
-20.78662491 0.68856776 1 11 1305
-36.96596909 -6.16733170 1 11 1306
-36.05375290 -0.71127599 1 11 1307
-46.85527420 0.90199232 1 11 1308
-48.83485031 -2.21778131 1 11 1309
-46.30496597 -6.00520229 1 11 1310
-50.08235168 -8.04679203 1 11 1311
-50.06121063 -6.85296392 1 11 1312
-48.81572342 -2.61314559 1 11 1313
-45.53752136 -3.54021811 1 11 1314
-36.12222672 -0.32891855 1 11 1315
-41.81097031 -6.51386786 1 11 1316
-48.06750870 -6.87004328 1 11 1317
-40.38537979 -6.90421104 1 11 1318
-16.25547791 -8.30542469 1 11 1319
-37.45689011 -3.14539719 1 11 1320
-46.52918625 -6.96093893 1 11 1321
-50.89822006 -5.53553009 1 11 1322
-37.05170822 0.53361201 1 11 1323
-14.22266006 -8.76618958 1 11 1324
-39.00146866 -3.06983685 1 11 1325
-48.87995529 -3.91885495 1 11 1326
-47.90924072 -5.11745453 1 11 1327
-35.32829666 -4.95987272 1 11 1328
-7.20597887 2.30495071 1 11 1329
-14.51399326 -9.00955868 1 11 1330
-43.78979492 -3.40521979 1 11 1331
-46.51842880 -8.43227673 1 11 1332
-45.37241364 -2.77641177 1 11 1333
-45.37887955 -2.32417321 1 11 1334
-43.58478165 -3.16537833 1 11 1335
-46.64237595 -2.16857648 1 11 1336
-49.77078247 0.78582382 1 11 1337
-35.08670425 -16.05797958 1 11 1338
-28.27270508 3.34466004 1 11 1339
-11.14317608 -7.73012018 1 11 1340
-18.62657166 4.79418421 1 11 1341
-10.76888371 4.13395023 1 11 1342
-8.02383804 5.46658850 1 11 1343
-32.13636780 -5.83999157 1 11 1344
-21.27342606 -4.63608837 1 11 1345
-17.20327187 -4.74044991 1 11 1346
-17.62066078 9.47018909 1 11 1347
-10.31524181 -12.02563190 1 11 1348
-1.65022933 -9.23621941 1 11 1349
-35.06245804 -16.05621910 1 11 1350
-18.95124817 -3.44808173 1 11 1351
-15.97509003 -2.93941402 1 11 1352
-28.22962189 -0.01720231 1 11 1353
-17.54587936 9.66313744 1 11 1354
-0.83968896 -0.30287662 1 11 1355
-8.91539478 3.99370503 1 11 1356
-25.54156685 0.65350705 1 11 1357
-21.05514526 0.93420732 1 11 1358
-10.75529003 -3.19878578 1 11 1359
-6.63065767 -3.30420327 1 11 1360
-3.64308262 -6.10910177 1 11 1361
-0.54237348 3.33699346 1 11 1362
-7.47772169 -6.59778976 1 11 1363
-36.61618805 -10.61216354 1 11 1364
-49.64805603 2.88673210 1 11 1365
-45.04883575 -6.36809635 1 11 1366
-38.10513306 -3.63258553 1 11 1367
-36.56129074 -2.78874707 1 11 1368
-21.87878990 -5.83297539 1 11 1369
-3.31586456 -7.95066071 1 11 1370
1.03938687 -1.59269285 1 11 1371
-3.62079477 -2.84059620 1 11 1372
-16.29376984 -4.05205250 1 11 1373
-7.32718563 5.59187031 1 11 1374
-0.18251978 -5.72130871 1 11 1375
-5.26450253 -0.86172301 1 11 1376
-12.67998505 0.03789187 1 11 1377
-1.92690992 -1.34959686 1 11 1378
4.54697561 -4.07207537 1 11 1379
-0.07753140 -0.66906768 1 11 1380
-3.74209642 3.26449299 1 11 1381
-2.85086870 -0.24720617 1 11 1382
-1.80480170 -5.53122139 1 11 1383
-4.28049135 0.30160719 1 11 1384
2.91801357 2.83637452 1 11 1385
-0.23904848 -3.64625978 1 11 1386
-1.21855867 -3.21789432 1 11 1387
6.14785528 4.10869312 1 11 1388
10.30428123 -3.31019282 1 11 1389
4.33495951 -2.71667051 1 11 1390
0.52910697 1.12869537 1 11 1391
3.86228061 -8.38134670 1 11 1392
-20.38750839 2.66450262 1 11 1393
-8.62137508 -5.28533697 1 11 1394
0.21542345 -4.21060038 1 12 1395
6.15220118 -4.80088806 1 12 1396
-15.93178177 -8.54218102 1 12 1397
-3.98854327 -5.43105030 1 12 1398
10.36051083 8.19090176 1 12 1399
0.00547879 6.18886518 1 12 1400
-19.65501976 -6.30192423 1 12 1401
-15.06817913 -7.38397646 1 12 1402
-27.40644455 1.10791254 1 12 1403
-13.53250027 1.68370187 1 12 1404
-6.77601671 3.85377145 1 12 1405
1.05606520 3.21873617 1 12 1406
3.97379923 -8.45981216 1 12 1407
-19.24660492 -0.59363198 1 12 1408
-16.28503609 -14.03959942 1 12 1409
-21.05022812 -2.62644577 1 12 1410
-22.70624733 7.54251480 1 12 1411
-30.99207687 0.74832249 1 12 1412
-22.91871834 -5.21712446 1 12 1413
-37.25163651 -3.82462358 1 12 1414
-13.43220901 9.36818981 1 12 1415
-29.95704079 -2.63727379 1 12 1416
-14.68083572 -2.17565894 1 12 1417
-17.13524055 -2.77030754 1 12 1418
-33.76850128 6.87260962 1 12 1419
-4.32407856 4.29180717 1 12 1420
-43.86371231 -5.44218063 1 12 1421
-40.47956085 -5.56235027 1 12 1422
-35.79918289 -11.90284729 1 12 1423
-26.39639854 -13.24786949 1 12 1424
-43.89586639 2.45333028 1 12 1425
-47.18725586 -6.01964331 1 12 1426
-45.92483902 -0.99083656 1 12 1427
-28.08180809 -12.99861240 1 12 1428
-34.74275208 -15.94441700 1 12 1429
-25.50476456 -2.83579159 1 12 1430
-41.19926071 0.14614466 1 12 1431
-33.89765549 -2.23334098 1 12 1432
-32.52343369 -1.36778677 1 12 1433
-27.18362427 0.45612440 1 12 1434
-7.63572931 8.04938221 1 12 1435
1.98349023 11.38499546 1 12 1436
-24.19045067 2.25879765 1 12 1437
-23.42407990 4.00266790 1 12 1438
-38.43539810 3.66842461 1 12 1439
-46.85668564 -3.61814427 1 12 1440
-5.04642200 11.96166039 1 12 1441
-24.94099426 -3.94627023 1 12 1442
-35.42232895 8.98558235 1 12 1443
-21.66637611 0.72943228 1 12 1444
-25.63405609 -6.28381348 1 12 1445
-28.60782623 -8.94079590 1 12 1446
-14.54878330 -4.45677567 1 12 1447
-27.17896843 -9.32549477 1 12 1448
-46.06554794 -5.61509943 1 12 1449
-32.61564255 1.46494222 1 12 1450
-26.05199432 -2.25122595 1 12 1451
-32.77490234 1.97330952 1 12 1452
-11.78189182 6.77618599 1 12 1453
-13.10716152 -15.98131657 1 13 1454
-23.45898819 13.23447704 1 13 1455
5.18603134 -6.60528326 1 13 1456
-7.46241188 -2.05604601 1 13 1457
-45.49465561 4.97201395 1 13 1458
-24.94150162 8.94932365 1 13 1459
-28.46677208 10.94561863 1 13 1460
-37.56201172 7.19812679 1 13 1461
-41.20006180 -4.13821268 1 13 1462
-48.61611938 -7.51373291 1 13 1463
-47.91198349 -10.72957993 1 13 1464
-40.31042862 6.37006617 1 13 1465
-29.47451401 7.11726332 1 13 1466
-38.46831131 3.64865875 1 13 1467
-38.97912598 -0.04993801 1 13 1468
-14.18721581 3.13221478 1 13 1469
-25.22167587 13.72864723 1 13 1470
-24.82564926 -14.46992874 1 13 1471
-35.66996384 1.51508367 1 13 1472
-35.41614532 -2.86325622 1 13 1473
-20.98923683 10.88711739 1 13 1474
-18.26463509 4.56412935 1 13 1475
-31.82765007 -8.87287617 1 13 1476
-45.34276199 -4.56857729 1 13 1477
-46.17195892 5.00846100 1 13 1478
-28.36739922 -15.09236050 1 13 1479
-39.98750687 -12.15542412 1 13 1480
-41.91186142 -8.58511925 1 13 1481
-47.79920578 -9.53807926 1 13 1482
-46.18993759 -11.02085781 1 13 1483
-46.07022858 4.99075508 1 13 1484
-20.92797089 -15.09408760 1 13 1485
-12.71471691 -8.05620098 1 13 1486
-12.71446323 -14.40180588 1 13 1487
-19.30886841 14.12726688 1 13 1488
-3.12003160 -12.98158073 1 13 1489
-23.73018265 1.50356889 1 13 1490
-26.76952362 -4.01027966 1 13 1491
-32.25651932 -2.91578770 1 13 1492
-21.31406784 8.52846527 1 13 1493
-4.17619562 10.15425491 1 13 1494
-19.39525986 4.07754612 1 13 1495
-17.84704590 -10.02149582 1 13 1496
-32.60788345 -5.58816385 1 13 1497
-30.82211113 -10.75602818 1 13 1498
-7.15865517 5.54119539 1 13 1499
-9.29024887 -9.04247284 1 13 1500
-40.56011963 3.72490835 1 13 1501
-39.16860199 -9.71354771 1 13 1502
-39.87604141 1.57734156 1 13 1503
-33.09074020 -7.49866724 1 13 1504
-26.71300316 -16.84233856 1 13 1505
-10.98641014 -3.11848330 1 13 1506
-9.87718582 -5.88750792 1 13 1507
-9.11608315 -12.07697487 1 13 1508
-21.05251884 -8.38433743 1 13 1509
-33.52355576 5.84078789 1 13 1510
-22.29598808 -2.80165505 1 13 1511
-35.59563065 -12.12524700 1 13 1512
-31.37741852 -10.28119278 1 13 1513
-28.20624161 8.67323780 1 13 1514
-18.04064560 -7.41046953 1 13 1515
-25.01326942 5.68736696 1 13 1516
-44.56363678 -8.94755268 1 13 1517
-42.81412125 0.24581899 1 13 1518
-31.56804466 8.05541229 1 13 1519
-15.93865871 -13.88660526 1 13 1520
-2.93753290 6.00978565 1 13 1521
-1.17742133 -6.75557518 1 13 1522
-3.97561312 8.03301430 1 13 1523
-5.75004196 -8.55831337 1 13 1524
-6.99752665 -11.32587433 1 13 1525
-23.48318100 -6.06533813 1 13 1526
-43.29135895 -6.33560848 1 13 1527
-35.33551407 -1.40230489 1 13 1528
-43.53297424 -10.56107235 1 13 1529
-40.84738541 -2.97066212 1 13 1530
-30.18439484 -9.57478523 1 20 1531
-30.01038742 -8.79266834 1 20 1532
-20.97598267 -9.77654076 1 20 1533
-36.91744614 -8.82651234 1 20 1534
-30.25468063 -3.42221045 1 20 1535
-28.28096581 0.34399068 1 20 1536
-31.68312645 -12.67282200 1 20 1537
-37.68283081 -1.34764433 1 20 1538
-48.30776596 -2.86680675 1 20 1539
-33.37742615 -7.91970539 1 20 1540
-18.03175354 1.69914508 1 20 1541
-41.57048035 -8.59950447 1 20 1542
-50.86127853 -8.62660980 1 20 1543
-50.44424820 -7.47789574 1 20 1544
-48.09989166 -2.75310397 1 20 1545
-50.06190872 -3.56421041 1 20 1546
-27.31819916 -2.27722764 1 20 1547
0.02513693 -2.75388408 1 20 1548
-0.20303266 1.91427517 1 20 1549
-12.05381584 -0.93760085 1 20 1550
-16.33280754 -6.34287500 1 20 1551
-15.34317398 -10.97143650 1 20 1552
-16.57732201 2.16276312 1 20 1553
-39.42462158 -9.21214962 1 20 1554
-23.96971703 -2.60337019 1 20 1555
-31.74978447 3.42919254 1 20 1556
-29.34095383 6.84522057 1 20 1557
-12.42948914 -5.80111456 1 20 1558
-14.05674553 -1.90910721 1 20 1559
-10.95258236 -7.92344379 1 20 1560
-8.11086464 -4.51552010 1 20 1561
-28.68164253 -14.87887955 1 20 1562
-29.22245216 -0.35862368 1 20 1563
-37.18839264 -10.22197533 1 20 1564
-45.13017273 0.41216967 1 20 1565
-36.97066498 -0.11668766 1 20 1566
-29.94119263 -0.81321251 1 20 1567
-22.49962997 -3.08724308 1 20 1568
-25.37306213 -13.18053341 1 20 1569
7.26241970 -3.16720629 1 20 1570
1.25617146 6.66578150 1 20 1571
-11.43029881 -10.19209099 1 20 1572
-22.87579155 -9.84660912 1 20 1573
0.99503368 2.22340226 1 20 1574
-8.29064560 -4.78266859 1 20 1575
-25.24076080 -17.21141434 1 20 1576
-27.37312698 5.26389408 1 20 1577
-36.41534424 3.67441750 1 20 1578
-35.95548630 3.81171536 1 20 1579
-40.44828033 -11.54701519 1 20 1580
-36.92267990 -2.87713528 1 20 1581
-31.17987633 -2.99670506 1 20 1582
-26.72811508 2.22447920 1 20 1583
-21.75312996 10.94507122 1 20 1584
-21.67960930 0.84491563 1 20 1585
-10.23488808 10.58859253 1 20 1586
-7.32148790 -3.06371093 1 20 1587
-38.22739792 0.34016654 1 20 1588
-19.63471413 -6.45435381 1 21 1589
-10.41005230 11.81857395 1 21 1590
-5.41423130 -11.33872604 1 21 1591
-21.16982460 -5.33941650 1 21 1592
-35.66636276 0.85251284 1 21 1593
-40.93561172 -7.16427183 1 21 1594
-26.98786163 -6.13745213 1 21 1595
-30.76180840 -5.63321400 1 21 1596
-26.56798935 11.26773167 1 21 1597
-26.27240562 12.05738163 1 21 1598
-6.09372282 -13.86670017 1 21 1599
-17.42901611 -0.40110400 1 21 1600
-33.21435547 -11.39402866 1 21 1601
-41.04841614 -10.49939919 1 21 1602
-43.80921555 -13.63009548 1 21 1603
-40.95022202 -11.09850502 1 21 1604
-49.78425980 -7.92108393 1 21 1605
-51.66475677 -4.75927353 1 21 1606
-30.78759003 2.11888313 1 21 1607
-20.98739624 5.03920984 1 21 1608
-30.08352470 -3.81395340 1 21 1609
-30.98857498 -0.77353638 1 21 1610
-27.41564560 -0.65710217 1 21 1611
-47.72875595 -4.44801855 1 21 1612
-45.95798492 -4.79951477 1 21 1613
-43.32142639 -7.57669163 1 21 1614
-35.18414688 -3.89605927 1 21 1615
-33.90702438 4.45520639 1 21 1616
-25.01153564 9.33644390 1 21 1617
-7.53271103 -15.37685299 1 21 1618
-45.28141403 -10.96492195 1 21 1619
-19.51470757 1.96921051 1 21 1620
-35.71883774 0.78103280 1 21 1621
-38.83816910 -9.28628063 1 21 1622
-31.75020599 -13.01406288 1 21 1623
-50.62788010 -2.05009651 1 21 1624
-43.82991791 -13.60471344 1 21 1625
-35.51507187 -9.04866505 1 21 1626
-45.07551193 -10.64863873 1 21 1627
-34.27896500 -6.29831553 1 21 1628
-7.67757654 -13.56518459 1 21 1629
1.85109639 -2.29132032 1 21 1630
-12.06430912 -6.72729731 1 21 1631
-30.64664268 -1.61724806 1 21 1632
-15.77681065 4.32665682 1 21 1633
-16.32954025 13.23874092 1 21 1634
-14.36364746 8.47315216 1 21 1635
-31.78254890 -13.61615658 1 21 1636
-46.67930222 -8.50809097 1 21 1637
-50.94382095 -5.82487011 1 21 1638
-51.19918442 -7.31073427 1 21 1639
-51.62614822 -5.56422520 1 21 1640
-49.68144608 -0.98275405 1 21 1641
-49.06314087 -5.07321405 1 21 1642
-49.21373749 -0.55061889 1 21 1643
-25.81105804 8.29777336 1 21 1644
-25.40222359 8.77769947 1 21 1645
-22.31329536 10.97243404 1 21 1646
-7.42139101 -15.17219162 1 21 1647
-11.13401508 -9.98806858 1 21 1648
-36.06064987 -10.06450367 1 21 1649
-49.67136383 2.86930251 1 21 1650
-49.15197754 -8.04504871 1 21 1651
-50.21197128 -6.83609772 1 21 1652
-50.43560791 -2.03621840 1 21 1653
-49.38682556 -5.28486156 1 21 1654
-44.96046448 0.64664912 1 21 1655
-43.66450119 -4.43923569 1 21 1656
-49.26270294 -7.33565807 1 21 1657
-48.50225449 -0.33392692 1 21 1658
