tsne_1 tsne_2 label subject_code visual_run_index
-36.47214508 16.34107971 0 0 0
-11.15662575 19.74300766 0 0 1
-40.58979416 -13.54558659 0 0 2
-39.29235458 -0.96173805 0 0 3
-41.32571793 -11.23727417 0 0 4
-40.40404129 -16.82997322 0 0 5
-36.26575470 7.17778254 0 0 6
-40.66353989 -16.42352676 0 0 7
-34.33844757 -2.86689234 0 0 8
-36.70422363 7.62044334 0 0 9
-40.63062286 -15.39323807 0 0 10
-33.94929123 6.64709759 0 0 11
-41.56825256 -9.69913960 0 0 12
-40.12824631 -8.96632290 0 0 13
-28.15751839 1.44603312 0 0 14
-23.98883247 12.46278667 0 0 15
-20.98185158 7.58461809 0 0 16
-14.33031654 15.41066742 0 0 17
-33.96888351 -2.04611039 0 0 18
-38.57709885 -0.35640448 0 0 19
-40.28401947 -0.79524440 0 0 20
-31.96872139 1.68758500 0 0 21
-33.18229294 3.16303635 0 0 22
-36.89479828 9.59753609 0 0 23
-34.73797226 -0.32161507 0 0 24
-34.55746460 0.34860891 0 0 25
-44.48910141 -14.00124073 0 0 26
-35.81772232 -0.01257707 0 0 27
-33.16409302 2.12589169 0 0 28
-38.69488525 -3.21005535 0 0 29
-39.47320557 -14.53463173 0 0 30
-36.00071716 0.18136927 0 0 31
-37.38000870 -2.56781387 0 0 32
-35.64090729 16.79479790 0 0 33
-37.10266876 15.19431305 0 0 34
-41.23724747 -19.37597847 0 0 35
-44.18024445 -20.69901848 0 0 36
-42.69485092 -14.31766224 0 0 37
-42.77023697 -14.44929600 0 0 38
-29.17885780 -4.01893330 0 0 39
-16.12808418 3.18341780 0 0 40
-24.57480431 0.97663695 0 0 41
-27.69520950 16.17757225 0 0 42
-27.71340942 -0.06047478 0 0 43
-14.48383141 4.42530346 0 0 44
-24.44515038 4.34987354 0 0 45
-26.40448761 6.90751982 0 0 46
-34.95904922 8.17629337 0 0 47
-29.29064178 -3.96007895 0 0 48
-32.42020798 -1.58957314 0 0 49
-13.64037704 2.99965906 0 0 50
-13.28229713 2.85059977 0 0 51
-33.61728668 -3.77725649 0 0 52
-43.79338074 -11.84193134 0 0 53
-36.39431763 -9.99644184 0 0 54
-37.64461136 -9.02931404 0 0 55
-42.18695831 -15.48251152 0 0 56
-40.72195816 -12.74869061 0 0 57
-26.38747787 12.21653652 0 0 58
-12.47240162 1.46426141 0 1 59
-10.98470402 13.94625282 0 1 60
-15.07395744 10.44932652 0 1 61
-13.93843651 8.12404728 0 1 62
-21.49887466 1.82278144 0 1 63
-27.49368477 -0.32199597 0 1 64
-15.78838444 6.35492563 0 1 65
-1.23975718 -0.41521665 0 1 66
-8.91072941 0.35391867 0 1 67
-27.27323723 3.15543008 0 1 68
-26.95050621 3.21821356 0 1 69
-20.03100777 2.66259623 0 1 70
-12.16324902 3.89685512 0 1 71
-13.53453922 4.90939665 0 1 72
-14.35890007 5.22211647 0 1 73
-20.18661118 6.85625267 0 1 74
-15.71289921 2.97642469 0 1 75
-13.20225716 9.48276997 0 1 76
-21.84946823 1.99259830 0 1 77
-15.36671162 8.98036385 0 1 78
-21.91715240 0.68209946 0 1 79
-18.57166290 5.33810043 0 1 80
-27.50748634 5.05452633 0 1 81
-20.85029984 8.77815342 0 1 82
-24.84157944 5.28503132 0 1 83
-28.21230888 6.14065981 0 1 84
-19.95068359 2.97375751 0 1 85
-17.65610313 -1.42003107 0 1 86
-16.22276306 5.05671453 0 1 87
-17.07173538 8.64143467 0 1 88
-13.84975243 0.51163566 0 1 89
-16.34895325 2.80526376 0 1 90
-24.89396095 0.45926648 0 1 91
-23.15044212 -1.42991519 0 1 92
-22.45031357 -1.05883074 0 1 93
-15.99883080 2.08486056 0 1 94
-3.76798058 0.32785833 0 1 95
-18.63567352 4.82107973 0 1 96
-32.02177811 11.01627445 0 1 97
-16.51315498 8.59606457 0 1 98
-14.37017441 7.47215557 0 1 99
11.68984699 9.98202896 0 1 100
21.89556122 -7.21709013 0 1 101
-22.49607277 3.18744993 0 1 102
-22.91387177 3.30582952 0 1 103
-21.76064301 3.53493857 0 1 104
-25.84683609 13.58676434 0 2 105
-30.17021370 9.70806313 0 2 106
-27.07513046 10.77028275 0 2 107
-24.38976479 18.73470497 0 2 108
-20.69349098 12.19638157 0 2 109
-21.73438454 9.96950626 0 2 110
-26.84312820 11.53184605 0 2 111
-42.29390335 -8.30605507 0 2 112
-29.48818016 6.88347101 0 2 113
-24.89326286 9.96026993 0 2 114
-24.45466423 13.34476948 0 2 115
-36.08030701 7.45302534 0 2 116
-28.17368507 11.11004734 0 2 117
-12.59609985 14.06024170 0 2 118
-34.19073105 5.12325096 0 2 119
-25.41420364 15.47369003 0 2 120
-14.76649475 15.68908978 0 2 121
-17.56312943 17.24492264 0 2 122
-27.58637810 13.41042137 0 2 123
-25.15881538 10.27252769 0 2 124
-21.85920525 9.94124985 0 2 125
-24.74376488 13.95060635 0 2 126
-22.19332886 7.84837246 0 2 127
-0.01670084 9.65895748 0 2 128
1.08084130 10.19920731 0 2 129
-13.71706676 13.46024704 0 2 130
-11.09509659 11.68965340 0 2 131
-25.52802849 11.68752956 0 2 132
-36.03438187 7.13125801 0 2 133
-32.37165070 6.93506193 0 2 134
-38.89180374 -15.66028690 0 2 135
-24.61712265 9.01071072 0 2 136
-20.56389999 13.27636623 0 2 137
-22.59466553 8.36931896 0 2 138
-11.63804913 12.34074688 0 2 139
-11.56215668 17.46184158 0 2 140
-34.22376633 10.12926292 0 2 141
-27.85768509 6.95501709 0 2 142
-36.53711319 8.90089512 0 2 143
-23.76552582 13.19937229 0 2 144
-23.75309944 11.68929577 0 2 145
-40.30496597 10.93798923 0 2 146
-34.25243378 0.06683730 0 2 147
-40.82254028 -11.25464630 0 2 148
-13.13642788 17.88851357 0 2 149
-19.37884712 13.15355396 0 2 150
-39.28303528 2.12188363 0 2 151
-23.18881989 6.74286842 0 2 152
-25.50421906 16.39932632 0 2 153
-23.98448372 16.25369835 0 2 154
-36.29898071 4.24370289 0 2 155
-35.83500671 4.04815722 0 2 156
-33.47814941 -3.69870329 0 2 157
-38.77096939 9.02250671 0 2 158
-25.10302734 8.64583778 0 2 159
-12.36299896 15.95504951 0 2 160
-27.30745316 14.47358513 0 2 161
-20.46739197 19.52104187 0 2 162
-33.89319992 15.58255863 0 2 163
-26.95287323 8.45915031 0 2 164
-10.59391022 17.19674110 0 2 165
-35.99436188 14.16566753 0 2 166
-23.29001236 18.47539520 0 2 167
-18.89934158 14.71219730 0 2 168
-28.60976028 8.95818520 0 2 169
-36.22373962 -6.54185295 0 2 170
-28.79759598 8.26809692 0 3 171
-13.41176128 15.68090343 0 3 172
-17.46219635 16.60629272 0 3 173
-35.88934326 -2.05132079 0 3 174
-39.58810043 -8.17498779 0 3 175
-39.91521454 17.18939018 0 3 176
-33.47714615 7.18305349 0 3 177
-40.08968353 -9.79643917 0 3 178
-37.54351807 -0.82726258 0 3 179
-36.06365585 1.94488907 0 3 180
-43.96780777 -13.84979725 0 3 181
-39.13209152 -9.26448059 0 3 182
-33.71463013 -2.42192984 0 3 183
-26.00313377 9.59305000 0 3 184
-27.34988022 18.76570320 0 3 185
-21.00854111 8.71068096 0 3 186
-34.04321671 14.17598152 0 3 187
-34.48329544 -4.87598467 0 3 188
-30.45393372 8.82683659 0 3 189
-35.01131058 -3.37677050 0 3 190
-24.68315125 10.64181805 0 3 191
-18.53666306 17.06882668 0 3 192
-44.80424500 -11.65366173 0 3 193
-37.56079865 8.87706566 0 3 194
-21.76843643 13.21369457 0 3 195
-33.16182327 6.81038952 0 3 196
-32.06012726 7.89466238 0 3 197
-31.61038971 7.85021400 0 3 198
-29.65283775 8.02445698 0 3 199
-25.10977554 11.09220886 0 3 200
-23.87944794 10.84882355 0 3 201
-25.55967903 12.74771214 0 3 202
-24.83102989 14.78650284 0 3 203
-36.38567352 -0.84327859 0 3 204
-34.53433609 1.81339836 0 3 205
-20.04293823 16.71218491 0 3 206
-14.61428261 16.35210991 0 3 207
-4.01247215 14.76673317 0 3 208
-9.01358223 14.59145641 0 3 209
-38.27768707 -1.79022062 0 3 210
-32.98408508 6.38543510 0 3 211
-44.65415573 -10.46809864 0 3 212
-12.24661160 12.61464310 0 3 213
-22.44207001 11.64034462 0 3 214
-18.12419319 16.24620438 0 3 215
-12.21925926 17.89443398 0 3 216
-23.03614807 11.12824059 0 3 217
-29.71914673 6.60142994 0 3 218
-40.77766418 -10.54302025 0 3 219
-28.06136131 9.73579311 0 3 220
-25.81128311 14.82086182 0 3 221
-26.62927055 15.69640064 0 3 222
-26.57641220 13.80654335 0 3 223
-20.58815002 12.64966011 0 3 224
-5.03343105 16.10379791 0 14 225
-5.76871586 13.55214119 0 14 226
-11.88125134 0.78697658 0 14 227
-8.59567642 4.58961487 0 14 228
-9.79049778 5.34979439 0 14 229
-3.88881683 6.15482998 0 14 230
25.67119217 -1.66706204 0 14 231
5.29113102 0.89012313 0 14 232
-0.98195434 0.39805928 0 14 233
3.60352373 1.60429525 0 14 234
-8.99170780 6.03363323 0 14 235
-18.45969582 5.16269684 0 14 236
-1.68983352 0.91737205 0 14 237
-6.57333136 7.83070612 0 14 238
-15.69324589 7.21761179 0 14 239
2.89346170 3.92231297 0 14 240
58.69932175 5.34470558 0 14 241
17.66408539 -12.36069107 0 14 242
-18.87607765 11.11409187 0 14 243
-14.60877609 5.36073446 0 14 244
1.58377254 8.64170647 0 14 245
-7.86104727 12.61493111 0 14 246
-9.51234818 7.12667370 0 14 247
-11.29526424 -0.35856971 0 14 248
-8.42504406 6.62302542 0 14 249
24.69482040 -1.62862802 0 14 250
17.71634102 -12.37480164 0 14 251
-1.59633493 1.67412329 0 14 252
-23.87789154 2.77786970 0 14 253
2.83971930 8.88083649 0 14 254
2.43614149 10.23501015 0 14 255
-9.48665428 2.96197557 0 14 256
-11.70299244 15.12421799 0 14 257
-9.96404934 15.64891434 0 14 258
-1.28595197 4.97229910 0 14 259
-13.16094971 5.94917488 0 14 260
-6.88443327 11.19216061 0 14 261
-1.16691923 1.13355803 0 14 262
-4.94410229 3.11742115 0 14 263
-13.07552242 6.07865429 0 14 264
-8.82578659 3.47523355 0 14 265
0.27720377 0.28637087 0 14 266
9.36259174 14.81077671 0 14 267
-2.01701283 19.65507126 0 14 268
-18.37586403 12.07245445 0 14 269
-20.39704514 7.05588722 0 14 270
-15.67251968 8.99636745 0 14 271
-8.57390404 9.36531734 0 14 272
-10.47628880 7.20246649 0 14 273
-6.32206249 5.74609232 0 14 274
-13.31667900 3.98658180 0 14 275
-9.43516636 9.96234322 0 14 276
-50.35557938 -20.14632225 0 15 277
-38.46618271 10.16876030 0 15 278
-38.53259277 10.72162437 0 15 279
-39.93135834 -2.36562729 0 15 280
-38.62839890 -15.29833984 0 15 281
-39.52205276 -9.91820812 0 15 282
-39.68971634 -1.83347774 0 15 283
-39.08994675 9.85388660 0 15 284
-32.87635803 -7.03092289 0 15 285
-38.27136612 -15.80953979 0 15 286
-37.43075180 -2.22702599 0 15 287
-26.27357101 19.24810600 0 15 288
-41.25004196 7.68347836 0 15 289
-46.04647827 -19.55523682 0 15 290
-42.57527542 -17.30788612 0 15 291
-54.99205780 -23.46508980 0 15 292
-53.43223572 -24.96289444 0 15 293
-50.61153412 -19.15855789 0 15 294
-49.20628357 -19.15195465 0 15 295
-56.11321640 -18.59001541 0 15 296
-36.11553955 11.25900745 0 15 297
-38.05726242 -1.63080823 0 15 298
-39.57358170 -15.64700794 0 15 299
-47.48242188 -20.41715622 0 15 300
-37.30768585 1.19553757 0 15 301
-38.59694672 9.52457047 0 15 302
-31.98980522 1.65973341 0 15 303
-39.56642532 10.87668800 0 15 304
-38.72224045 -10.24034309 0 15 305
-43.07923889 -24.20693207 0 15 306
-36.78049469 3.75641036 0 15 307
-29.71954346 9.24088955 0 15 308
-26.74133873 16.91445351 0 15 309
-36.56011200 11.37762451 0 15 310
-38.41835785 -2.78792357 0 15 311
-39.75878906 -19.29217720 0 15 312
-26.90051460 19.21887779 0 15 313
-56.06869125 -25.02440262 0 15 314
-37.38917923 -0.55712157 0 15 315
-30.46425629 4.96611452 0 15 316
-37.17150497 0.11195058 0 15 317
-34.59276581 14.03604126 0 15 318
-34.45804214 10.72010422 0 15 319
-17.88986397 17.17023849 0 15 320
-24.71836281 20.30683136 0 15 321
-35.50819778 12.93918800 0 15 322
-44.90011215 -16.70187569 0 15 323
-39.81110382 -10.30961227 0 15 324
-37.65869522 12.18766308 0 15 325
-41.93425369 -11.84122276 0 15 326
-55.30379486 -22.79989433 0 15 327
-48.43330002 -18.12059402 0 15 328
-57.57555389 -20.05614281 0 15 329
-42.86158371 -14.87945461 0 15 330
-40.59315872 6.55250025 0 15 331
-40.98315048 6.07127905 0 15 332
-49.67845154 -16.03974342 0 15 333
-41.73845291 -11.95988941 0 15 334
-25.07967567 20.71785164 0 15 335
-42.98816681 -15.35642147 0 15 336
-56.66631699 -16.20949936 0 15 337
-47.35332489 -17.79457092 0 15 338
-49.33641052 -18.56132317 0 15 339
-49.46324158 -16.41683197 0 15 340
-58.51515198 -24.64533615 0 15 341
-51.90061951 -23.95826340 0 15 342
-55.58875656 -24.45423126 0 15 343
-69.90315247 -8.57117748 0 15 344
-50.16213989 -18.97679329 0 15 345
-47.45873260 -18.40378761 0 15 346
-43.78600311 -17.49306870 0 15 347
-52.80012894 -25.34745598 0 15 348
-53.05039978 -25.01555443 0 15 349
-45.43430328 -21.52768135 0 15 350
-53.42181396 -24.90104675 0 15 351
-41.42727280 -11.67526627 0 15 352
-51.74955750 -17.68521500 0 15 353
-42.94401169 -7.87952471 0 15 354
-38.88274002 16.17669296 0 15 355
-38.82469940 -14.88457680 0 15 356
-70.25003815 -10.04514313 0 15 357
-56.92757416 -22.18030739 0 15 358
-53.84893417 -21.51844215 0 15 359
-39.53323364 -12.00100040 0 15 360
-35.40439606 12.86409664 0 15 361
-15.74570560 -2.21162772 0 16 362
-20.29520798 -0.21396881 0 16 363
-23.33181572 0.33383080 0 16 364
-19.61873627 -0.89325261 0 16 365
-28.38393211 14.41237450 0 16 366
-20.36146545 -0.55224943 0 16 367
-27.00927162 -1.36989081 0 16 368
-18.10439110 -1.81986380 0 16 369
-22.82761955 -0.06022012 0 16 370
-17.53893661 -2.65284967 0 16 371
-22.25560188 22.37900543 0 16 372
-20.74506569 20.84803581 0 16 373
-14.29154015 10.52985859 0 16 374
-14.08664513 9.80492401 0 16 375
-11.51743984 19.04487419 0 16 376
-12.54872513 18.90413094 0 16 377
-18.28011894 -2.34936762 0 16 378
-27.20502472 -2.22036719 0 16 379
-19.99692535 -0.42526719 0 16 380
-28.22921181 -2.86694121 0 16 381
-19.15407753 19.19176865 0 16 382
-21.16924095 20.57094383 0 16 383
-20.01151657 23.33325005 0 16 384
-21.67885971 15.05619049 0 16 385
-36.68649673 13.72999382 0 16 386
-24.20626259 -4.30571651 0 16 387
-19.02703857 -1.79597747 0 16 388
-25.50671387 -4.03590679 0 16 389
-37.28971863 -8.60958576 0 16 390
-31.05750275 -6.53704882 0 16 391
-35.36725998 -11.01276207 0 16 392
-23.80281258 -4.65106249 0 16 393
-19.64494705 21.47720718 0 16 394
-30.74583054 18.61216164 0 16 395
-38.66128159 1.15821862 0 16 396
-20.53797722 20.08161545 0 16 397
-33.11134720 1.20585704 0 16 398
-36.40127182 14.44248486 0 16 399
-35.92321777 16.42462158 0 16 400
-37.45802689 13.91294098 0 16 401
-30.60246849 14.68532753 0 16 402
-37.00408554 12.77825546 0 16 403
-38.70919418 -5.36118793 0 16 404
-24.08123970 -3.97980022 0 16 405
-36.57487488 -8.23523140 0 16 406
-39.10353470 -5.83526182 0 16 407
-40.29335785 -5.01452780 0 16 408
-37.68497849 14.08966160 0 16 409
-41.58835220 5.57581949 0 16 410
-22.64848137 20.52816200 0 16 411
-19.42828369 19.72010040 0 16 412
-43.30335617 -16.53139114 0 16 413
-22.39756775 19.39621162 0 16 414
-38.36906815 13.15028477 0 16 415
-40.65936661 13.17354202 0 16 416
-43.83510971 -11.80906677 0 16 417
-40.42581177 -4.01129580 0 16 418
-21.67932510 19.86608696 0 16 419
-38.58773422 -8.03080750 0 16 420
-24.94844627 -4.10763979 0 16 421
-32.56323242 -7.20194626 0 16 422
-39.03504181 -12.16240883 0 16 423
-34.12872696 8.06879139 0 16 424
-38.66814804 13.46722221 0 16 425
-31.08900642 15.24018478 0 16 426
-22.99412346 21.82111168 0 16 427
-38.34539795 18.45890617 0 16 428
-39.06546783 17.37495041 0 16 429
-38.21537781 1.98855031 0 16 430
-22.98080254 21.16513634 0 16 431
-40.93485260 6.34154081 0 16 432
-22.18422127 19.73785400 0 16 433
-34.89678574 -10.75771332 0 16 434
-23.30783272 -3.48891997 0 16 435
-10.89000988 19.94288635 0 16 436
-37.87385559 17.05809784 0 16 437
-38.53310013 13.06016350 0 16 438
-33.08298111 15.31700516 0 16 439
-36.90359116 14.85775661 0 16 440
-40.29303360 -8.25331783 0 16 441
-35.00428772 17.97269440 0 16 442
-36.75145721 17.07391357 0 16 443
-36.25499725 17.01372910 0 16 444
-35.41307068 15.56797409 0 16 445
-40.33745193 -7.54321671 0 16 446
-37.61323929 2.99336529 0 16 447
-41.28793335 -10.70650387 0 16 448
-37.40775681 16.24772072 0 16 449
-39.18885803 -7.81725883 0 16 450
-41.88671112 -1.29636908 0 16 451
-39.61754990 15.74075508 0 16 452
-37.33622742 16.23171997 0 16 453
-38.88072586 16.86304855 0 16 454
-26.48918915 7.21824837 0 16 455
-36.72936630 14.45690441 0 16 456
-40.20344925 -3.82174516 0 16 457
-34.12288666 -5.56121349 0 16 458
-42.30775452 -7.04616308 0 16 459
-38.67692184 1.72831023 0 16 460
-39.72365952 -3.20160007 0 16 461
-75.33377075 -11.53527737 0 17 462
-63.81495667 -16.34373474 0 17 463
-64.94406128 -15.13073635 0 17 464
-70.56682587 -15.57088375 0 17 465
-74.06153107 -11.10247421 0 17 466
-66.12126160 -15.03589630 0 17 467
-72.76350403 -11.57547092 0 17 468
-66.98780823 -15.16334057 0 17 469
-71.39120483 -12.13571072 0 17 470
-73.83657074 -12.13553333 0 17 471
-66.03757477 -13.55901432 0 17 472
-56.74617386 -19.70899010 0 17 473
-73.59377289 -11.99895763 0 17 474
-69.30170441 -12.85572815 0 17 475
-70.11660004 -16.79509354 0 17 476
-71.59687042 -14.41091633 0 17 477
-65.88630676 -15.11119938 0 17 478
-59.27410889 -18.96523285 0 17 479
-66.42128754 -16.54399109 0 17 480
-68.38021851 -15.44973850 0 17 481
-72.87368011 -11.07826328 0 17 482
-71.76318359 -11.03784752 0 17 483
-51.45626831 -19.36221313 0 17 484
-69.61421204 -15.13212585 0 17 485
-66.52718353 -15.80400276 0 17 486
-74.71189117 -11.50654411 0 17 487
-71.38100433 -16.38564873 0 17 488
-71.07730865 -14.14871025 0 17 489
-68.38880920 -15.81454086 0 17 490
-72.98968506 -13.49409008 0 17 491
-72.40915680 -11.49469566 0 17 492
-70.50113678 -12.58918571 0 17 493
-63.69192123 -16.95680618 0 17 494
-67.51255798 -14.88510513 0 17 495
-70.68152618 -13.49129009 0 17 496
-69.68698120 -14.71782207 0 17 497
-67.68836975 -16.15848732 0 17 498
-70.81041718 -16.27778244 0 17 499
-72.94073486 -11.93674850 0 17 500
-67.58132935 -13.16223049 0 17 501
-62.88316345 -17.21300316 0 17 502
-64.35608673 -16.24299049 0 17 503
-72.69116211 -13.24710464 0 17 504
-73.17668915 -12.49678516 0 17 505
-66.97914886 -16.05943680 0 17 506
-70.11711884 -12.59039688 0 17 507
-69.59512329 -15.41146755 0 17 508
-69.20010376 -13.23891830 0 17 509
-73.00074768 -10.88628769 0 17 510
-73.72499847 -11.13744259 0 17 511
-67.54112244 -12.87804699 0 17 512
-70.66606140 -12.08620739 0 17 513
-68.30286407 -12.92249584 0 17 514
-67.20219421 -12.23869133 0 17 515
-73.45012665 -12.74697876 0 17 516
-71.06970215 -15.77427292 0 17 517
-71.27757263 -14.45162010 0 17 518
-66.88800049 -14.28905010 0 17 519
-68.19821167 -12.14719200 0 17 520
-70.66937256 -12.93057346 0 17 521
-69.91289520 -11.12149429 0 17 522
-70.61426544 -11.72907543 0 17 523
-68.40510559 -13.80137634 0 17 524
-72.17334747 -15.48207474 0 17 525
-70.30964661 -12.11009407 0 17 526
-70.60233307 -14.16436481 0 17 527
-73.92277527 -11.63070297 0 17 528
-65.19995117 -16.47562981 0 17 529
-64.32202911 -16.20914650 0 17 530
-66.79100037 -12.46118927 0 17 531
-69.43914032 -12.37052441 0 17 532
-70.99342346 -16.39641380 0 17 533
-70.87062836 -11.47387695 0 17 534
-73.71010590 -10.80707932 0 17 535
-58.72406769 -21.12200546 0 18 536
-54.95063019 -21.45580673 0 18 537
-58.99943161 -19.54647255 0 18 538
-68.75193787 -10.99253845 0 18 539
-59.56855011 -17.50548935 0 18 540
-57.65938950 -19.08968925 0 18 541
-52.50914383 -19.38599777 0 18 542
-56.62239838 -20.37484360 0 18 543
-55.58600998 -19.83797264 0 18 544
-54.39652634 -21.47880554 0 18 545
-48.72850037 -22.85947990 0 18 546
-62.45281219 -17.45336914 0 18 547
-57.42646027 -22.79034042 0 18 548
-76.09369659 -12.73483276 0 18 549
-76.19142914 -13.46472454 0 18 550
-76.79997253 -15.15944576 0 18 551
-53.74960709 -20.59173393 0 18 552
-44.66278076 -16.24892235 0 18 553
-42.42813873 -17.19037056 0 18 554
-70.50724792 -17.89489937 0 18 555
-77.97454834 -15.59224606 0 18 556
-76.40333557 -14.56168652 0 18 557
-52.42892838 -19.38583565 0 18 558
-46.84228516 -21.33830833 0 18 559
-51.44237518 -20.78935432 0 18 560
-54.10962677 -22.77103996 0 18 561
-47.93122864 -18.80534363 0 18 562
-59.28104782 -22.70433044 0 18 563
-58.80734253 -24.97027588 0 18 564
-76.45742798 -12.27665329 0 18 565
-55.56329727 -22.16044617 0 18 566
-56.93695450 -19.32070732 0 18 567
-68.28408813 -9.65485096 0 18 568
-61.87091064 -19.88943863 0 18 569
-65.91703033 -11.85610199 0 18 570
-75.93161774 -15.76653957 0 18 571
-42.32154083 -19.79076576 0 18 572
-59.69729614 -17.30405617 0 18 573
-58.67271042 -23.13193130 0 18 574
-68.51403046 -9.21027184 0 18 575
-56.53849411 -17.58777046 0 18 576
-41.92396545 -16.84704399 0 18 577
-56.55949020 -15.79865265 0 18 578
-62.62024689 -19.23125267 0 18 579
-76.42414856 -14.36964893 0 18 580
-41.10460663 -11.51966763 0 18 581
-46.60721207 -20.62899399 0 18 582
-50.79933167 -18.22879601 0 18 583
-50.44771957 -20.97909546 0 18 584
-59.53139877 -21.92098999 0 18 585
-36.49100113 0.38834903 0 18 586
-47.24008560 -17.32467461 0 18 587
-48.41875076 -22.10194778 0 18 588
-42.02721786 -19.83838463 0 18 589
-45.77110291 -22.38556671 0 18 590
-51.34703064 -19.71654510 0 18 591
-46.13235092 -19.86256027 0 18 592
-45.33585358 -18.20080566 0 18 593
-45.17954636 -16.88523293 0 18 594
-47.72816849 -18.42022705 0 18 595
-47.35846329 -24.01303673 0 18 596
-57.73468781 -24.25271225 0 18 597
-51.67866135 -23.34050560 0 18 598
-41.17744827 -13.73910046 0 18 599
-44.46139145 -20.39096069 0 18 600
-48.84215927 -20.02532196 0 18 601
-43.55725479 -22.09075356 0 18 602
-45.29759979 -21.37698746 0 18 603
-43.75807953 -21.57624054 0 18 604
-38.72991943 -1.48883295 0 18 605
-31.67576599 9.62183285 0 19 606
-16.61122704 22.15965462 0 19 607
-1.76522493 19.42645645 0 19 608
-23.97924042 15.60865593 0 19 609
-7.73847723 18.86449623 0 19 610
-2.01030207 17.91391373 0 19 611
-14.01034164 17.83226967 0 19 612
-37.50849152 2.69917464 0 19 613
-34.82672119 14.99009514 0 19 614
-13.58250046 17.25601196 0 19 615
-12.09505939 16.99099541 0 19 616
-16.00803757 18.77413940 0 19 617
-18.04484940 21.87313271 0 19 618
-25.17131615 15.57442665 0 19 619
-13.02756023 18.91936302 0 19 620
-3.38111734 18.49385834 0 19 621
-38.36754990 12.98071003 0 19 622
-30.39054871 12.21625423 0 19 623
-4.56097841 17.61920547 0 19 624
-19.14949036 20.50167084 0 19 625
-34.65093994 -1.59136355 0 19 626
-0.81379122 18.88360977 0 19 627
-7.01068830 16.97382545 0 19 628
-36.45473480 -3.80664468 0 19 629
-45.36516571 -18.16971779 0 19 630
-20.73055840 22.84783554 0 19 631
8.08601284 14.35071754 0 19 632
-7.60908699 9.88980103 0 19 633
-6.03620434 17.61033058 0 19 634
-12.58150482 16.42243385 0 19 635
-10.49999523 17.94463539 0 19 636
-7.71802473 18.66432953 0 19 637
-10.74533558 15.99452877 0 19 638
-4.53781843 17.25052261 0 19 639
-11.57181644 15.22239017 0 19 640
-13.50584316 16.65251541 0 19 641
-19.26903343 9.18523312 0 19 642
-17.24509430 18.41738319 0 19 643
-1.38998520 17.54632378 0 19 644
-2.12545633 17.77445221 0 19 645
-25.76011848 16.38129807 0 19 646
-36.55756378 1.90497530 0 19 647
-29.15284157 10.70706177 0 19 648
-17.31565094 16.47505760 0 19 649
-28.96327782 9.90247250 0 19 650
-34.72541428 2.62195683 0 19 651
-42.48051834 -7.79655504 0 19 652
-16.22743988 18.91880035 0 19 653
-3.55615687 18.65925789 0 19 654
-29.75124168 10.32615757 0 19 655
-24.27757072 14.54165077 0 19 656
-34.54982758 16.08806038 0 19 657
-36.92288208 2.51128650 0 19 658
-5.85964203 17.81322861 0 19 659
-5.09144640 18.42201424 0 19 660
-23.17612267 12.15577602 0 19 661
-40.91156769 -2.70960045 0 19 662
-39.70072174 -17.37327957 0 19 663
-30.98476410 8.63225174 0 19 664
-1.27985287 18.22350883 0 19 665
-9.48423576 17.43360519 0 19 666
-29.58911514 10.75917244 0 19 667
-39.38333893 0.95682049 0 19 668
-38.51797104 0.29834685 0 19 669
-38.26346970 -2.21279669 0 19 670
-26.61452484 15.16418266 0 19 671
-2.08745217 18.08520508 0 19 672
-7.69628859 18.12074280 0 19 673
-19.34440613 8.36263466 0 22 674
-15.17801189 20.15984726 0 22 675
-24.38484764 12.19596004 0 22 676
-6.41139936 9.16408062 0 22 677
-27.45796394 8.90905762 0 22 678
-19.82986832 16.88500786 0 22 679
-22.32480431 17.86898613 0 22 680
-20.53782272 14.24669838 0 22 681
-12.64423656 12.74855900 0 22 682
-21.15976524 11.25390244 0 22 683
-30.66701126 18.27370262 0 22 684
-33.24057388 -1.01560640 0 22 685
-22.95085526 16.38987732 0 22 686
-20.18046951 16.90492058 0 22 687
-34.83286667 -10.79125309 0 22 688
-30.78905678 -6.32269049 0 22 689
-26.88499641 8.81177902 0 22 690
-19.92077446 15.94042778 0 22 691
-35.31784821 9.67980194 0 22 692
-40.57286835 1.79232490 0 22 693
-36.22456741 -2.38590741 0 22 694
-15.39082623 20.44273186 0 22 695
-38.83053589 0.42471433 0 22 696
-31.53404045 -4.55298090 0 22 697
-24.26043129 17.02180099 0 22 698
-38.38092804 15.43158817 0 22 699
-39.49197388 17.55563354 0 22 700
-33.00968933 8.30964470 0 22 701
-37.82138824 -3.30891395 0 22 702
-29.08781815 -5.50015783 0 22 703
-35.36111450 1.47910893 0 22 704
-24.40963936 8.45980835 0 22 705
-18.84542084 11.14111233 0 22 706
-24.14639282 19.10220146 0 22 707
-21.88410950 18.52463531 0 22 708
-29.96836090 -6.03254604 0 22 709
-34.75189209 -4.61781263 0 22 710
-37.72361374 -0.31911072 0 22 711
-22.44726181 19.18304062 0 22 712
-19.61765099 19.63006783 0 22 713
-33.46055222 15.37085342 0 22 714
-68.76692963 -16.65997124 0 23 715
-58.92241287 -23.17795372 0 23 716
-48.19981384 -21.34223366 0 23 717
-59.59550476 -19.29118729 0 23 718
-58.30607224 -18.97724533 0 23 719
-46.73380280 -22.56313324 0 23 720
-77.75619507 -15.51438618 0 23 721
-57.36347198 -21.20280647 0 23 722
-48.42492676 -18.23669815 0 23 723
-51.76241302 -20.35999489 0 23 724
-77.33210754 -15.71085167 0 23 725
-61.51334763 -19.16550064 0 23 726
-67.66440582 -10.45186615 0 23 727
-61.50452805 -18.63585854 0 23 728
-57.93086624 -19.37072754 0 23 729
-74.15865326 -9.82316780 0 23 730
-58.13459778 -18.28069496 0 23 731
-57.48558807 -18.06531906 0 23 732
-61.63248444 -18.31168747 0 23 733
-57.54193878 -22.94287491 0 23 734
-53.14024734 -20.21310425 0 23 735
-62.60485077 -19.68305588 0 23 736
-55.71889114 -19.22850037 0 23 737
-53.41741180 -18.11417198 0 23 738
-47.08831787 -23.11452293 0 23 739
-53.67556381 -19.67123604 0 23 740
-44.91421127 -17.14643478 0 23 741
-45.93695831 -12.05174637 0 23 742
-45.77048111 -11.64605045 0 23 743
-52.61115646 -20.21484566 0 23 744
-54.75532913 -23.42072296 0 23 745
-45.96305466 -23.35324287 0 23 746
-57.62345505 -18.65689468 0 23 747
-49.04850769 -22.06952095 0 23 748
-63.34185791 -18.80610657 0 23 749
-60.47533035 -18.66555786 0 23 750
-56.77174377 -18.55721664 0 23 751
-76.28824615 -14.32841110 0 23 752
-57.90724564 -17.87508392 0 23 753
-55.33113861 -17.44339371 0 23 754
-46.44053650 -24.70825195 0 23 755
-53.05266953 -19.47339439 0 23 756
-51.72919083 -19.95417595 0 23 757
-58.62515640 -17.35391235 0 23 758
-53.37301254 -18.62251854 0 23 759
-62.24855804 -17.76330376 0 23 760
-62.01284027 -18.54242706 0 23 761
-47.48310089 -19.77369308 0 23 762
-53.85474014 -18.07483292 0 23 763
-49.62120438 -19.02538872 0 23 764
-63.84242630 -19.35752296 0 23 765
-46.24981308 -23.08339882 0 23 766
-46.96562958 -23.70412636 0 23 767
53.69205475 -2.04302716 1 4 768
51.84005356 -2.55331802 1 4 769
18.61890411 6.35218334 1 4 770
6.37294197 3.44317794 1 4 771
42.09353256 7.05069017 1 4 772
52.52378082 -2.75541019 1 4 773
28.46563339 -6.39488745 1 4 774
11.16774082 -3.48738122 1 4 775
28.00664902 2.76635599 1 4 776
28.19893456 -0.76769662 1 4 777
20.45619774 -0.98425221 1 4 778
21.79865074 -3.97493577 1 4 779
47.29112625 -10.66018867 1 4 780
34.28742218 -8.65449619 1 4 781
13.57690144 0.13647717 1 4 782
13.37528419 3.42690539 1 4 783
44.55710602 -13.75452614 1 4 784
43.58983612 -6.67936325 1 4 785
24.68521881 5.57470036 1 4 786
37.86669922 -2.45833063 1 4 787
59.24415970 -6.56414652 1 4 788
43.40465164 -1.46381259 1 4 789
2.44500780 -0.13343388 1 4 790
62.27743912 -3.49615026 1 4 791
41.37620544 -8.15665245 1 4 792
9.04235363 -3.46879792 1 4 793
8.14696312 3.55087090 1 4 794
5.05790186 0.26842260 1 4 795
9.79467201 -0.06246700 1 4 796
21.29838753 -1.88363349 1 4 797
10.91884613 -1.05477011 1 4 798
14.25142002 -1.54603291 1 4 799
44.64234161 -9.77390003 1 4 800
8.08797836 1.82911110 1 4 801
3.27917647 -3.76170874 1 4 802
3.62362552 -1.18419051 1 4 803
0.87409806 -1.03746271 1 4 804
-3.49845552 -5.25981092 1 4 805
22.53911591 1.35654926 1 4 806
56.17872620 -6.26312017 1 4 807
41.57439804 -7.16852760 1 4 808
11.94278622 -2.93758535 1 4 809
14.78634739 -2.38484311 1 4 810
37.42966461 -6.31144285 1 4 811
48.59612656 -13.59781933 1 4 812
15.29090500 -2.20078588 1 4 813
8.59143353 3.40583396 1 4 814
36.38584518 -5.73181677 1 4 815
38.46110153 7.88217497 1 5 816
3.02749276 10.68590736 1 5 817
9.82091522 14.31184196 1 5 818
55.81255341 -8.62012291 1 5 819
57.09525299 2.06982398 1 5 820
41.29196930 13.37217712 1 5 821
18.38645363 2.86777163 1 5 822
37.83761597 7.04612684 1 5 823
46.82430649 1.80633235 1 5 824
51.17891312 -0.73178154 1 5 825
37.78718185 6.56322479 1 5 826
27.20245552 7.45929289 1 5 827
41.38357925 -0.61459458 1 5 828
62.33001328 -0.13800701 1 5 829
46.37973022 0.24962889 1 5 830
23.27644348 11.20965862 1 5 831
23.71870804 10.57721043 1 5 832
22.72539902 13.36461163 1 5 833
40.63438034 11.25980377 1 5 834
44.77821732 10.94718552 1 5 835
47.61651230 -2.10885835 1 5 836
49.39247131 -0.52193034 1 5 837
37.18753052 3.12852788 1 5 838
63.28588104 2.96153784 1 5 839
58.78771210 3.15031600 1 5 840
32.46192932 13.65305519 1 5 841
41.68985367 13.32982445 1 5 842
23.52927780 11.84693909 1 5 843
18.00299263 4.08415985 1 5 844
44.37534714 1.64723730 1 5 845
57.30699539 -8.78788567 1 5 846
42.95514679 -3.51691151 1 5 847
37.34826279 9.99543285 1 5 848
62.95149612 -1.55912673 1 5 849
9.02258587 5.52546883 1 5 850
-11.45417500 18.65088081 1 5 851
3.80708218 11.65261173 1 5 852
52.83720016 2.48344779 1 5 853
52.19575500 -9.78069592 1 5 854
59.36053848 4.39923143 1 5 855
1.06124723 8.57977390 1 6 856
-3.53125238 8.02937889 1 6 857
-7.80842257 1.55377162 1 6 858
-3.33359790 -1.33815801 1 6 859
9.33676338 1.96204376 1 6 860
4.65257978 3.45056105 1 6 861
8.90991211 -0.32400945 1 6 862
8.33867168 4.43457413 1 6 863
10.98606682 -0.37812343 1 6 864
1.77716947 6.15455961 1 6 865
-4.20521879 7.68571997 1 6 866
23.01205063 -8.81378365 1 6 867
23.29959488 -3.19053674 1 6 868
19.42811203 -0.90462744 1 6 869
28.38196754 -8.78429604 1 6 870
18.01050568 -5.41298628 1 6 871
14.06543350 -0.69269478 1 6 872
10.80687809 4.66981316 1 6 873
11.38368130 4.38689756 1 6 874
8.74265385 4.88529301 1 6 875
3.88652849 3.99806595 1 6 876
37.32540512 4.69832802 1 6 877
-3.49691963 5.96724224 1 6 878
-5.31438065 8.69391155 1 6 879
0.29790369 1.67439985 1 6 880
0.08321654 -0.66764593 1 6 881
12.29656887 0.31875113 1 6 882
21.53049660 -4.46165800 1 6 883
12.37724209 -0.68945497 1 6 884
8.20428276 3.89563060 1 6 885
-8.38519764 5.96912956 1 6 886
-12.61881351 3.12408471 1 6 887
49.18911362 -3.04270411 1 6 888
7.72364092 -1.61474943 1 6 889
0.61059403 0.97188103 1 6 890
1.84038258 9.91943932 1 6 891
5.34325933 7.31003761 1 6 892
31.97631645 -8.45590687 1 6 893
23.38359070 -3.52112198 1 6 894
-3.30608296 7.20811415 1 6 895
-4.44279003 9.95696831 1 6 896
-11.30766392 -0.59613925 1 6 897
25.54349518 -0.10235890 1 6 898
0.16432083 0.93777114 1 6 899
1.89203715 7.77626228 1 6 900
11.34550571 -3.77120757 1 6 901
-0.01925417 3.08548403 1 6 902
-5.61309719 8.66805267 1 6 903
11.31748295 3.07366228 1 6 904
23.80744362 -7.66531420 1 6 905
6.32895660 1.63439751 1 6 906
-5.42196846 5.57599068 1 6 907
26.38141060 -4.33202791 1 6 908
32.24229813 13.48437023 1 6 909
4.42103052 3.74941039 1 6 910
-6.17227268 5.00877380 1 6 911
1.31321216 6.80495548 1 6 912
2.76951170 1.58908093 1 6 913
4.52442503 -3.14479947 1 6 914
-5.08789492 8.67307854 1 6 915
-11.28162003 6.60917187 1 6 916
-5.18303061 2.84330726 1 6 917
-7.37198400 3.14594316 1 6 918
2.52200937 0.35742679 1 6 919
14.06621838 0.83699518 1 6 920
-4.88821554 -2.80966210 1 6 921
-5.08841610 1.09181035 1 6 922
4.13281107 -5.34961033 1 6 923
-6.85766411 4.56657124 1 6 924
-4.04650450 16.78818321 1 6 925
-5.75787783 15.63631630 1 6 926
55.51207733 -3.68929029 1 7 927
47.45265961 -7.63161135 1 7 928
59.88195419 -2.32060051 1 7 929
58.28108978 -5.24110889 1 7 930
59.60422134 -0.32142413 1 7 931
49.36273193 -11.22446918 1 7 932
48.77725601 0.75839460 1 7 933
40.65510559 8.39492321 1 7 934
55.95759583 -1.24936497 1 7 935
60.22346115 0.44719794 1 7 936
50.47802353 7.27469683 1 7 937
47.26026154 7.89431524 1 7 938
59.42283630 2.56746435 1 7 939
49.87205124 3.21885347 1 7 940
53.40288925 -0.14030115 1 7 941
49.28278351 4.69739389 1 7 942
51.93653488 -2.22539163 1 7 943
55.54377747 -5.63784933 1 7 944
47.68028259 -7.93281174 1 7 945
58.62027740 -3.92797446 1 7 946
48.55790329 -0.82597709 1 7 947
53.58327866 -0.14536561 1 7 948
47.87941360 9.81660748 1 7 949
55.22576141 -0.33635667 1 7 950
47.83494568 -3.33942795 1 7 951
44.25605392 5.54554081 1 7 952
55.19168854 -4.79667854 1 7 953
50.42088699 -10.75613499 1 7 954
55.77434540 -2.33232164 1 7 955
53.43906403 7.43420887 1 7 956
44.91863251 -1.14965665 1 7 957
41.84123611 0.24819228 1 7 958
60.65121078 4.53013754 1 7 959
58.53843307 0.44488016 1 7 960
40.77368927 8.34140778 1 7 961
30.46870613 -3.53329849 1 7 962
40.05187988 8.71924782 1 7 963
53.91191101 -3.38925886 1 7 964
47.39513397 -8.29146004 1 7 965
39.74478149 -4.39118242 1 7 966
57.20381927 -10.66962910 1 7 967
63.35957336 -8.43378735 1 7 968
49.45487213 6.76821709 1 7 969
48.80721283 10.37046719 1 7 970
46.47964096 10.96379757 1 7 971
34.07682419 10.37840462 1 7 972
46.61879349 10.62354374 1 7 973
21.46430206 10.37633514 1 8 974
15.79418468 13.07510662 1 8 975
15.35499382 13.31412601 1 8 976
18.49734688 1.31206810 1 8 977
38.18484879 11.48650265 1 8 978
42.12975693 -4.78488398 1 8 979
23.44038773 4.88857889 1 8 980
48.85085297 -2.80295038 1 8 981
17.74547005 6.24014521 1 8 982
-7.18062353 0.29884353 1 8 983
-4.42615271 0.66976774 1 8 984
37.71747208 1.78597283 1 8 985
47.04901123 2.08901048 1 8 986
40.17333221 12.05250072 1 8 987
48.91177750 7.62437677 1 8 988
59.00308228 7.26045990 1 8 989
34.22446442 11.07845020 1 8 990
12.90209484 6.52894974 1 8 991
-4.77443600 9.97438717 1 8 992
-5.32617950 11.16779995 1 8 993
14.45691395 5.69184732 1 8 994
33.69870758 9.76915169 1 8 995
22.09646988 13.13777924 1 8 996
47.06318665 -2.39332461 1 8 997
16.50801468 0.55094266 1 8 998
1.30368388 1.43238878 1 8 999
13.87614536 6.60198975 1 8 1000
8.50831413 0.07580277 1 8 1001
16.85371590 2.32892251 1 8 1002
48.29011154 -2.82048297 1 8 1003
52.48746872 -5.21903419 1 8 1004
27.91111565 2.30942607 1 8 1005
21.53657913 8.73592663 1 8 1006
25.50970268 7.13387871 1 8 1007
21.48873138 11.69169140 1 8 1008
45.58496094 3.74251032 1 8 1009
48.50336838 0.54240501 1 8 1010
42.13112640 2.50107551 1 8 1011
31.57963943 5.54006481 1 8 1012
19.29270935 3.73243499 1 8 1013
26.96399689 0.96139294 1 8 1014
29.46709633 0.81210864 1 8 1015
30.26313972 8.65762520 1 8 1016
8.21766758 5.89861345 1 8 1017
17.73591423 3.16259503 1 8 1018
58.04321289 -4.18015480 1 8 1019
31.08850670 7.76768923 1 8 1020
8.00052643 8.53338432 1 8 1021
32.63977814 6.21747112 1 8 1022
32.34464264 -4.45735598 1 8 1023
22.59247971 2.81433177 1 8 1024
27.21996498 3.24741864 1 8 1025
32.92657852 -0.27789587 1 8 1026
25.81811905 2.44685221 1 8 1027
22.97553253 10.74467564 1 8 1028
21.70120621 3.84838486 1 8 1029
56.18100739 0.75031626 1 8 1030
51.88043213 5.17613506 1 8 1031
24.68358994 5.95544958 1 8 1032
38.98626328 0.79587740 1 8 1033
35.31884384 3.87972522 1 8 1034
28.82589340 5.91171837 1 8 1035
45.74629593 -5.06524181 1 8 1036
53.68655014 -9.53232765 1 8 1037
59.66086197 -7.51148510 1 8 1038
33.30368423 9.91966820 1 8 1039
26.05441284 12.18331528 1 8 1040
25.50872803 4.44018316 1 8 1041
48.54399872 -1.25357378 1 8 1042
31.62739944 12.76872444 1 8 1043
43.75982666 5.24360752 1 8 1044
50.98096848 6.53708315 1 8 1045
28.11653328 12.90780354 1 8 1046
25.63307190 4.50816488 1 8 1047
8.56757164 10.47241974 1 8 1048
36.99164200 8.36357498 1 8 1049
19.80267906 5.82863951 1 8 1050
14.79366398 8.53853798 1 8 1051
16.57992744 8.90422916 1 8 1052
10.28043556 1.29639900 1 8 1053
7.68990993 9.26261711 1 8 1054
-8.80327988 19.82659721 1 8 1055
-3.14370894 -0.78795236 1 8 1056
44.31362534 -2.26943302 1 8 1057
61.72078323 -9.34607887 1 8 1058
30.00395966 4.69815016 1 8 1059
14.92535305 8.65441513 1 8 1060
20.17340088 9.19554043 1 8 1061
50.41749191 -3.38869452 1 8 1062
41.98020935 3.75539947 1 8 1063
41.77470016 -2.73847914 1 8 1064
63.53403854 2.65829945 1 8 1065
49.41431808 6.83073759 1 8 1066
29.08424377 4.38393641 1 8 1067
12.52942371 6.43253660 1 8 1068
18.44831848 6.45166492 1 8 1069
41.47409439 5.19626141 1 8 1070
12.71704292 5.32183599 1 8 1071
8.97183990 6.16745377 1 8 1072
8.05071163 8.64056587 1 8 1073
7.49596930 8.13949299 1 8 1074
33.22515488 -3.77510452 1 8 1075
25.82856750 -6.86051416 1 8 1076
12.19262314 0.27240953 1 8 1077
-1.25551736 8.40960789 1 8 1078
16.59625626 -0.36173308 1 8 1079
50.65427780 -8.41341782 1 8 1080
0.34251389 -4.56599474 1 8 1081
41.82895660 0.91042036 1 9 1082
29.47551727 14.65764809 1 9 1083
25.92248535 10.08808422 1 9 1084
59.40827560 5.02449131 1 9 1085
39.45751953 2.09514832 1 9 1086
39.64389420 -6.17192888 1 9 1087
61.65962219 -11.21580124 1 9 1088
50.20599365 -2.02784133 1 9 1089
34.00437164 4.87965822 1 9 1090
36.23914337 6.47270203 1 9 1091
7.92999220 -0.02497509 1 9 1092
35.76839828 6.13054037 1 9 1093
43.29054642 10.56624222 1 9 1094
60.40410995 5.74832296 1 9 1095
60.31605911 -5.84363556 1 9 1096
53.95497131 -14.19135094 1 9 1097
55.06035995 -1.60642004 1 9 1098
63.62573624 1.88911176 1 9 1099
15.84702587 1.71458995 1 9 1100
36.40074158 6.96426439 1 9 1101
55.69700241 2.65382457 1 9 1102
54.25047302 -2.46991467 1 9 1103
51.07704163 1.01489651 1 9 1104
43.98980331 4.11644125 1 9 1105
45.18915558 10.67233276 1 9 1106
24.29455185 -3.55107903 1 9 1107
12.34628201 2.27841663 1 9 1108
25.04773712 11.61593628 1 9 1109
11.34580326 10.09282780 1 9 1110
18.92564964 -0.50447083 1 9 1111
52.62968445 4.55875301 1 9 1112
51.26565552 -8.58395481 1 9 1113
24.65748596 9.38778305 1 9 1114
6.25841618 7.28122997 1 9 1115
1.23535979 -4.72827816 1 9 1116
18.01523781 11.10012817 1 9 1117
6.89270782 -5.74693155 1 9 1118
20.92165184 6.71310759 1 9 1119
37.45486832 -1.72810054 1 9 1120
43.09416962 -7.31932878 1 9 1121
31.99485588 10.76304626 1 9 1122
31.74519730 11.03079128 1 9 1123
34.37425613 6.86856365 1 9 1124
28.90483856 -2.09287310 1 9 1125
14.78927612 7.80096436 1 9 1126
52.33255768 10.06327152 1 9 1127
42.95405197 -0.09735113 1 9 1128
14.86146641 3.78235841 1 9 1129
34.10334778 -6.34981966 1 9 1130
57.09278488 -4.65475225 1 9 1131
54.42797470 1.14251983 1 9 1132
2.78041220 -6.93349552 1 9 1133
52.90470505 -2.63140869 1 9 1134
53.79872131 -7.36580181 1 9 1135
7.03152752 0.31880212 1 9 1136
20.53723526 10.59854889 1 9 1137
38.40568542 5.12499237 1 9 1138
40.70827866 -9.85875130 1 9 1139
33.40991592 -0.01045170 1 9 1140
33.99654770 15.24350929 1 9 1141
17.37636185 6.89037609 1 9 1142
29.40252113 7.34921980 1 9 1143
55.31733322 6.05871964 1 9 1144
46.10991669 1.84918797 1 9 1145
46.02149582 -3.34935212 1 9 1146
53.85443115 8.17093849 1 9 1147
51.77413940 -4.99571609 1 9 1148
53.38904572 -13.96550274 1 9 1149
30.68008995 9.70744705 1 9 1150
41.00905991 10.77743912 1 9 1151
33.60688019 2.78260136 1 9 1152
4.31329823 6.41875839 1 9 1153
-2.92048573 1.40735006 1 9 1154
8.86987019 8.01348400 1 9 1155
48.68712234 -5.29173231 1 9 1156
42.95266724 7.42189074 1 9 1157
11.46681213 -1.78924787 1 9 1158
41.40007782 2.14126492 1 9 1159
38.93659210 -3.86639428 1 9 1160
19.33786583 8.65324974 1 9 1161
40.06015015 -8.31891918 1 9 1162
44.85111618 9.36674690 1 9 1163
51.71680450 5.13000774 1 9 1164
29.62782097 7.11758804 1 9 1165
27.09871483 -3.15177274 1 9 1166
32.74454498 2.66802359 1 9 1167
45.14405441 -7.00356674 1 9 1168
54.95211029 2.46534324 1 9 1169
21.97489929 14.91418839 1 9 1170
31.03470612 2.02265787 1 9 1171
62.54861832 -0.88518053 1 9 1172
50.61406708 3.07636285 1 9 1173
30.00467110 -0.62536782 1 9 1174
60.07625198 -5.23623133 1 9 1175
55.82133484 3.66598511 1 9 1176
33.98436356 -6.20215178 1 9 1177
45.31950760 -4.76405525 1 9 1178
53.55630112 -0.67135882 1 9 1179
57.96451187 -10.19095039 1 9 1180
24.79194641 8.62886906 1 9 1181
28.13463593 -4.29013634 1 9 1182
50.60063553 -11.75854397 1 9 1183
62.10248947 3.21096778 1 9 1184
61.91172791 2.93208361 1 9 1185
35.64300156 12.96470737 1 9 1186
19.37135506 8.76378536 1 9 1187
13.46334934 3.95655060 1 9 1188
58.11754990 -1.67128921 1 9 1189
55.84522247 3.25308084 1 9 1190
26.72219276 15.89406872 1 9 1191
-0.95291615 1.59259140 1 9 1192
16.28481865 1.62538159 1 9 1193
36.91794968 1.81986558 1 9 1194
32.30268478 0.23202895 1 9 1195
34.22377396 6.26797438 1 9 1196
52.53611755 9.46373749 1 9 1197
60.78758621 4.23125458 1 9 1198
61.51301575 2.41628361 1 9 1199
33.37800980 -0.14445873 1 9 1200
3.63291121 -6.40532255 1 9 1201
28.68669319 7.91864109 1 9 1202
32.83589172 10.39207268 1 9 1203
14.33916473 6.01566696 1 9 1204
-10.99351692 6.75595522 1 9 1205
9.96704483 10.83782768 1 9 1206
37.49602890 -0.59260887 1 9 1207
45.05381775 -1.41873717 1 9 1208
10.68317795 6.72898817 1 9 1209
17.69992256 3.93986177 1 9 1210
19.75145721 10.25062943 1 9 1211
20.20383835 7.69539404 1 9 1212
27.14214516 9.82432747 1 9 1213
27.13203621 -2.24116111 1 10 1214
6.18128014 -2.91966629 1 10 1215
3.50585818 -6.50113821 1 10 1216
2.90682697 -0.61921585 1 10 1217
-2.33232546 0.18400984 1 10 1218
23.70699310 -2.57555318 1 10 1219
40.70796585 -6.61582232 1 10 1220
0.79150605 -7.22776079 1 10 1221
-15.28639698 -1.78225970 1 10 1222
-2.16738033 -2.32971811 1 10 1223
15.47909355 13.34351254 1 10 1224
19.74695015 10.94600391 1 10 1225
9.76139069 -4.30047512 1 10 1226
4.01139212 12.27287197 1 10 1227
6.51043320 -2.32998943 1 10 1228
17.49380493 11.77990532 1 10 1229
42.42481232 7.46471214 1 10 1230
6.78027725 -4.54317284 1 10 1231
-1.62050211 -2.36485147 1 10 1232
1.34114909 -4.17930508 1 10 1233
24.11188316 1.53445709 1 10 1234
47.95564651 6.16789627 1 10 1235
37.24916840 -9.37414837 1 10 1236
10.30472469 -5.31254435 1 10 1237
37.08485413 -1.49386406 1 10 1238
54.10225677 -5.01919842 1 10 1239
10.92574883 -5.50075006 1 10 1240
23.73033142 7.64405203 1 10 1241
37.51055145 0.41234562 1 10 1242
20.40346146 0.64241880 1 10 1243
3.24221110 -2.03732300 1 10 1244
29.15848732 2.05692744 1 10 1245
1.49874604 -6.66830063 1 10 1246
10.09188938 10.74598694 1 10 1247
35.24736023 1.99169815 1 10 1248
15.82833385 -0.25035518 1 10 1249
27.69921875 4.80732489 1 10 1250
23.90242958 7.34143448 1 10 1251
45.77787781 12.15210629 1 10 1252
24.33288956 -6.19814301 1 10 1253
-2.27082515 9.72507858 1 10 1254
-7.71610975 12.23217583 1 10 1255
-18.66323280 1.03442848 1 10 1256
8.85648632 6.75694847 1 10 1257
30.04648590 -0.78879428 1 10 1258
3.77504539 -5.17487335 1 10 1259
1.51765585 -3.76164079 1 10 1260
-2.61467576 2.96546412 1 10 1261
9.85219002 0.50644630 1 10 1262
2.43764353 -4.20690203 1 10 1263
9.69424629 -4.13711405 1 10 1264
28.11400414 12.76282501 1 10 1265
5.39947033 -4.48523998 1 10 1266
17.00945282 11.36960888 1 10 1267
-0.21810472 18.94646645 1 10 1268
41.30564880 -8.29761314 1 10 1269
41.35160828 5.62722206 1 10 1270
30.41198730 -7.55751228 1 10 1271
18.52921295 10.36991405 1 10 1272
0.90322226 -2.96517086 1 10 1273
1.96148169 -5.78007221 1 10 1274
-1.46519446 -3.87831450 1 10 1275
24.01388168 -1.44559503 1 10 1276
52.90830231 -4.39992714 1 10 1277
54.70391846 -1.77411723 1 10 1278
36.06447983 -7.78993702 1 10 1279
-12.92027283 0.56133819 1 10 1280
-23.42679405 -2.27175951 1 10 1281
-24.94165993 0.74024266 1 10 1282
-12.47668839 1.38997447 1 10 1283
17.21421623 -2.28622127 1 11 1284
20.67625809 -6.52588654 1 11 1285
29.53148842 11.57753468 1 11 1286
23.56942368 0.22593053 1 11 1287
42.96697235 -11.83934402 1 11 1288
61.36371994 -9.96141720 1 11 1289
57.71578217 -14.37555313 1 11 1290
61.42169189 -11.44461918 1 11 1291
52.40441895 -11.06103325 1 11 1292
36.48085022 -10.98790741 1 11 1293
44.08771515 -11.51342010 1 11 1294
42.28970337 -10.79345894 1 11 1295
42.22585678 -13.19171143 1 11 1296
50.98929214 -4.34720659 1 11 1297
38.20463181 -8.37021065 1 11 1298
43.40849686 -11.83608913 1 11 1299
46.22413635 -12.70840263 1 11 1300
42.95174789 -13.54398823 1 11 1301
42.27575684 -12.63118267 1 11 1302
43.07263565 -14.09100723 1 11 1303
41.10022736 -2.41061568 1 11 1304
10.24400616 -2.39137673 1 11 1305
35.70072937 -9.77044868 1 11 1306
34.88929749 -10.37912464 1 11 1307
44.64990997 -11.70937443 1 11 1308
45.77976227 -13.58516216 1 11 1309
39.83589935 -13.63299751 1 11 1310
46.21334076 -11.81529999 1 11 1311
43.98885345 -10.89503860 1 11 1312
45.36103058 -11.19826794 1 11 1313
39.29895782 -12.56879711 1 11 1314
41.61130142 -14.68516731 1 11 1315
52.45363617 -11.31544113 1 11 1316
37.92693329 -10.88197613 1 11 1317
36.23319244 -10.17147064 1 11 1318
19.63215446 13.36686134 1 11 1319
34.42927551 -9.68011475 1 11 1320
40.36816025 -11.45092869 1 11 1321
40.60306931 -11.92810249 1 11 1322
43.97687531 9.58528709 1 11 1323
5.65435934 -0.14459863 1 11 1324
35.58745956 -9.43707561 1 11 1325
42.54735565 -13.12442970 1 11 1326
39.87270355 -11.16388512 1 11 1327
23.26076698 0.63597095 1 11 1328
20.55677986 12.08136845 1 11 1329
13.29323292 -6.05655670 1 11 1330
36.09078598 -10.09579945 1 11 1331
39.53604889 -11.68915462 1 11 1332
43.28358459 -12.50086975 1 11 1333
41.68387985 -12.22066975 1 11 1334
37.35580444 -9.84401894 1 11 1335
38.85916901 -11.22408676 1 11 1336
60.35226059 -13.02557659 1 11 1337
49.07118607 -13.21963120 1 11 1338
30.39616203 -3.87904239 1 11 1339
4.13114214 -7.64845562 1 11 1340
24.45350075 -2.89595652 1 11 1341
6.36625767 -2.28545403 1 11 1342
2.28111339 -1.74502110 1 11 1343
30.84938431 -9.07800198 1 11 1344
18.37201309 11.53908443 1 11 1345
5.45130539 -5.92809200 1 11 1346
9.07681274 -5.68033504 1 11 1347
7.10211039 -2.28860903 1 11 1348
14.56415749 -1.10408664 1 11 1349
40.02152634 -12.41986179 1 11 1350
10.97010040 -5.28803253 1 11 1351
12.73708916 -6.02740145 1 11 1352
17.02049446 -4.86822414 1 11 1353
16.61296463 -1.25707376 1 11 1354
-1.95231664 -1.10405314 1 11 1355
2.20440817 -1.61463010 1 11 1356
12.32124901 -4.38097286 1 11 1357
9.55198574 -2.13959980 1 11 1358
2.55504799 -2.58667588 1 11 1359
3.10051990 -3.30264521 1 11 1360
6.99656200 -0.74494797 1 11 1361
5.15272951 1.19929230 1 11 1362
19.65735435 12.08819389 1 11 1363
49.10174561 -13.17139244 1 11 1364
57.27199554 -12.51832485 1 11 1365
42.87984085 -13.59266663 1 11 1366
51.57765961 -0.81071937 1 11 1367
40.64187241 -2.75799823 1 11 1368
29.32545090 14.67361927 1 11 1369
1.23550808 -0.30137798 1 11 1370
-5.19063711 2.44562316 1 11 1371
-2.69047117 -1.55419099 1 11 1372
10.34896755 -0.81291395 1 11 1373
-3.29757023 2.74160504 1 11 1374
-3.67633700 -1.28423333 1 11 1375
-0.90274435 -1.34727061 1 11 1376
0.81331635 4.60981798 1 11 1377
-11.55561066 2.97027373 1 11 1378
-10.94842815 2.56595802 1 11 1379
-2.39219451 -2.07594299 1 11 1380
-7.99885416 0.16439596 1 11 1381
0.71340543 -2.37601995 1 11 1382
-10.38693333 2.18765306 1 11 1383
-10.93911743 3.48786330 1 11 1384
-15.41944790 3.09959245 1 11 1385
-10.24267197 4.96863890 1 11 1386
-10.04749298 2.34893751 1 11 1387
-8.05481339 2.46368027 1 11 1388
-15.54094601 -2.60532808 1 11 1389
-8.32705498 1.99524641 1 11 1390
-17.16828537 4.76037598 1 11 1391
-4.62670660 0.77458835 1 11 1392
36.95651627 4.72632551 1 11 1393
17.15801048 4.74915171 1 11 1394
-0.42033315 -5.39082623 1 12 1395
-0.05060609 -3.29924774 1 12 1396
27.64953995 14.73221684 1 12 1397
9.63256454 13.64088535 1 12 1398
-5.71557188 16.75570488 1 12 1399
-4.28677464 7.13936424 1 12 1400
29.31421471 0.92718059 1 12 1401
26.63799095 11.78859329 1 12 1402
46.29164124 6.15110302 1 12 1403
26.48585510 -4.79225969 1 12 1404
4.91563940 14.34670353 1 12 1405
4.80267096 14.35619926 1 12 1406
4.34755468 14.45833969 1 12 1407
30.92083931 -8.51896095 1 12 1408
26.03413773 8.94122696 1 12 1409
35.59954834 13.60330868 1 12 1410
33.63567352 4.71852350 1 12 1411
46.90647507 -1.06968141 1 12 1412
30.05749512 2.22574711 1 12 1413
46.58535767 7.10145283 1 12 1414
22.55791283 -6.28974056 1 12 1415
43.11105728 -10.29664612 1 12 1416
34.76534271 12.96480942 1 12 1417
31.12003136 6.61448288 1 12 1418
45.52182770 -1.88147688 1 12 1419
5.76054859 -3.51776266 1 12 1420
49.94389725 -10.02456474 1 12 1421
59.67808533 2.48824906 1 12 1422
57.57346725 -0.28009528 1 12 1423
56.46239471 2.79973221 1 12 1424
57.15929794 -6.47356939 1 12 1425
63.44879150 -8.59041023 1 12 1426
59.49641037 -9.42709064 1 12 1427
55.68313599 -13.11932659 1 12 1428
45.54880142 -3.58183742 1 12 1429
37.21098709 10.00197601 1 12 1430
55.69509506 5.71425390 1 12 1431
47.35256958 7.65534306 1 12 1432
45.01147461 8.32514763 1 12 1433
48.18604660 0.52936524 1 12 1434
8.53295326 12.07253551 1 12 1435
-0.62295014 19.31999779 1 12 1436
18.80867577 -5.19363594 1 12 1437
4.85354042 9.89402771 1 12 1438
53.07194138 -6.52375364 1 12 1439
62.80485916 -11.90293598 1 12 1440
10.62786293 4.81429577 1 12 1441
32.39786148 7.42506409 1 12 1442
49.06206512 1.29267621 1 12 1443
38.18794632 11.54721832 1 12 1444
50.44159317 3.07979870 1 12 1445
52.50004578 -13.82950783 1 12 1446
21.12260628 -6.70260000 1 12 1447
32.99050140 3.46660757 1 12 1448
63.61521912 -9.80283833 1 12 1449
48.92796326 10.28278255 1 12 1450
49.40769577 10.64194584 1 12 1451
54.34654617 7.02500248 1 12 1452
25.72300720 -8.72590065 1 12 1453
45.30072021 2.28322434 1 13 1454
17.42891312 -4.87148190 1 13 1455
-4.78417063 -1.21420169 1 13 1456
18.82464027 13.62072086 1 13 1457
50.50326538 -6.38778019 1 13 1458
30.47827911 5.53536987 1 13 1459
29.96182632 3.44874048 1 13 1460
35.52767944 -0.47879398 1 13 1461
48.62889099 3.60324860 1 13 1462
60.81229401 -11.53148270 1 13 1463
62.56452942 -4.24565268 1 13 1464
49.78995132 -6.15545368 1 13 1465
53.97406769 6.39092302 1 13 1466
59.42961121 0.57853508 1 13 1467
53.74792862 -9.66449261 1 13 1468
31.89835167 3.82787800 1 13 1469
44.99179840 0.87072653 1 13 1470
42.55532837 3.18093085 1 13 1471
51.78484344 -14.46621704 1 13 1472
60.58878708 -0.55063754 1 13 1473
22.08967400 5.00191975 1 13 1474
18.76188850 8.43983746 1 13 1475
49.40291214 5.06753159 1 13 1476
64.69177246 -8.30936909 1 13 1477
64.05315399 1.37242746 1 13 1478
38.90005493 2.91268873 1 13 1479
59.03934097 -0.27724746 1 13 1480
59.36213684 1.60308611 1 13 1481
61.41301727 -12.34474277 1 13 1482
65.10708618 -10.69284058 1 13 1483
64.45136261 -6.11650181 1 13 1484
29.77226257 11.77187443 1 13 1485
20.59964180 11.95633793 1 13 1486
22.33460617 5.17280149 1 13 1487
31.80924797 -0.17309098 1 13 1488
8.52378368 13.64997387 1 13 1489
36.65797806 9.50807762 1 13 1490
46.02339935 3.39872956 1 13 1491
39.53150177 0.20093474 1 13 1492
27.61640358 9.50669861 1 13 1493
8.60952950 -6.38467693 1 13 1494
35.61174393 13.34775829 1 13 1495
30.50062370 14.01132488 1 13 1496
52.91855621 2.33356404 1 13 1497
49.82530212 7.26654053 1 13 1498
7.12657547 3.56059170 1 13 1499
20.89072227 10.50552654 1 13 1500
57.89852142 -2.08251143 1 13 1501
57.17384338 -10.69627571 1 13 1502
58.36164093 -8.31583977 1 13 1503
58.51002884 7.70156336 1 13 1504
29.73295403 6.83735418 1 13 1505
22.87000656 7.46418905 1 13 1506
26.79731750 15.42939472 1 13 1507
26.12118340 14.99181557 1 13 1508
31.66171265 4.19499254 1 13 1509
43.46963501 0.83975327 1 13 1510
35.42653275 2.07676363 1 13 1511
46.51375198 -4.97967243 1 13 1512
56.83226395 -3.38010311 1 13 1513
53.53154755 9.10701752 1 13 1514
24.79634285 10.89048576 1 13 1515
28.06916237 3.06268620 1 13 1516
52.18085480 7.51088142 1 13 1517
60.02986526 -7.79004860 1 13 1518
49.56616974 -0.66367608 1 13 1519
33.51368713 8.54789257 1 13 1520
-0.17693809 9.81614780 1 13 1521
-1.82099652 9.87896252 1 13 1522
0.27212724 10.77170849 1 13 1523
21.71624947 3.84138680 1 13 1524
24.20506477 10.15949249 1 13 1525
38.97632217 5.35412407 1 13 1526
58.38193130 -2.68993402 1 13 1527
60.21242523 -0.34182626 1 13 1528
51.80079269 -9.85680485 1 13 1529
54.52049637 6.58548212 1 13 1530
40.93150330 2.13464999 1 20 1531
41.70758057 0.69628358 1 20 1532
22.53874588 1.50123584 1 20 1533
49.02698517 -9.44531631 1 20 1534
28.27920723 -1.76185656 1 20 1535
21.65168953 -3.63681459 1 20 1536
39.57940674 -0.24541789 1 20 1537
39.50757599 0.14668970 1 20 1538
52.99900436 -8.30634022 1 20 1539
46.54230499 4.46418858 1 20 1540
32.04729462 9.11995792 1 20 1541
48.19380188 -4.45427084 1 20 1542
62.12184906 -8.74656487 1 20 1543
61.73244858 -8.43217850 1 20 1544
61.38792801 -8.61332512 1 20 1545
47.85800171 -6.33230543 1 20 1546
40.51412964 3.69576859 1 20 1547
-4.03229666 -2.59110284 1 20 1548
5.06461954 -4.94934225 1 20 1549
10.13764095 -1.15253484 1 20 1550
26.74824142 5.99992228 1 20 1551
19.85969543 -0.69227165 1 20 1552
17.26805496 -0.72860008 1 20 1553
50.68484497 -9.35939884 1 20 1554
25.92661858 -1.21299434 1 20 1555
32.08383179 -6.02356625 1 20 1556
46.44094086 4.35066462 1 20 1557
4.70422792 -5.18452168 1 20 1558
13.29506302 1.73251760 1 20 1559
12.40563393 -0.61902153 1 20 1560
16.75692940 11.29604244 1 20 1561
51.43320465 -6.28103638 1 20 1562
43.80347061 3.81445575 1 20 1563
40.05420303 -9.39166737 1 20 1564
56.42269516 -8.26223755 1 20 1565
47.60641098 -5.79317141 1 20 1566
47.11979675 -0.72585613 1 20 1567
32.49372101 8.90521049 1 20 1568
30.11423302 4.10598660 1 20 1569
-10.10083675 3.25342011 1 20 1570
-4.05529118 -2.85051155 1 20 1571
22.55054283 -5.39469481 1 20 1572
32.53108978 3.25823736 1 20 1573
-0.49350548 -4.88933659 1 20 1574
15.07533455 10.38368988 1 20 1575
31.96540260 9.15374756 1 20 1576
42.57453537 -3.39493990 1 20 1577
59.98609924 -9.76508617 1 20 1578
52.78877640 -11.41482544 1 20 1579
52.17476654 -5.18703890 1 20 1580
37.59209061 -4.81620502 1 20 1581
27.58163261 0.64358282 1 20 1582
35.50494003 3.20807958 1 20 1583
34.14767838 9.25159454 1 20 1584
34.69472885 9.39976501 1 20 1585
27.57730293 6.77143860 1 20 1586
16.73274994 8.74832535 1 20 1587
38.86760712 -3.21482897 1 20 1588
32.34882355 0.87234807 1 21 1589
15.31847191 1.66668153 1 21 1590
13.69038105 0.84474957 1 21 1591
22.68684769 2.65029120 1 21 1592
54.70413208 -10.99856567 1 21 1593
61.65656281 -2.79916358 1 21 1594
43.68074417 1.16630709 1 21 1595
35.70621109 0.08636793 1 21 1596
34.68916321 -2.10066748 1 21 1597
43.74260330 -8.37362289 1 21 1598
24.08027267 -5.81328249 1 21 1599
15.85652065 5.29675388 1 21 1600
50.78113937 -10.48392296 1 21 1601
56.08448029 5.54571438 1 21 1602
58.55250549 -6.76457405 1 21 1603
50.36299133 -4.65832090 1 21 1604
60.41075134 -9.80549908 1 21 1605
62.46557999 -5.48777962 1 21 1606
53.04083633 4.24178743 1 21 1607
23.40654182 4.84692717 1 21 1608
39.82984924 -6.17824221 1 21 1609
43.87693787 -4.64616203 1 21 1610
33.59537506 -1.41606820 1 21 1611
60.57569885 -13.07324219 1 21 1612
55.51049042 -5.20405102 1 21 1613
62.54366302 -5.70690823 1 21 1614
41.70318604 -15.25983238 1 21 1615
28.25899506 -1.02530038 1 21 1616
34.37196350 1.20050824 1 21 1617
40.92362595 -9.93445396 1 21 1618
54.46231842 -12.04054070 1 21 1619
35.14601135 -1.50973165 1 21 1620
54.32205200 -8.00088310 1 21 1621
51.25904083 1.10696280 1 21 1622
34.71729279 -1.35433388 1 21 1623
63.34854507 -8.86889076 1 21 1624
63.36934662 -9.83314991 1 21 1625
54.31531906 -6.63249063 1 21 1626
50.50797272 -11.38952923 1 21 1627
54.40550613 -6.60399914 1 21 1628
13.84045315 0.88642704 1 21 1629
-2.83970237 8.07956600 1 21 1630
23.81881714 -7.55318594 1 21 1631
46.03080750 0.25153795 1 21 1632
19.82187843 13.58601093 1 21 1633
32.92087936 -4.00058365 1 21 1634
23.47897530 -8.10745335 1 21 1635
51.98139191 -13.83945179 1 21 1636
47.73015213 -10.12109852 1 21 1637
62.59570312 -10.73873234 1 21 1638
64.12319183 -10.22195148 1 21 1639
64.22565460 -10.37068939 1 21 1640
63.74264908 -11.42073250 1 21 1641
60.61054993 -11.53132057 1 21 1642
58.96737671 -12.01948452 1 21 1643
36.88200760 -4.34813261 1 21 1644
31.74846268 1.66150045 1 21 1645
23.20009422 -4.20835114 1 21 1646
24.55768776 -7.00882912 1 21 1647
20.66037369 6.00405073 1 21 1648
51.24038696 -5.51909018 1 21 1649
64.61518860 -9.62351704 1 21 1650
56.42606735 -7.05945444 1 21 1651
58.40451813 -4.40595579 1 21 1652
63.84164429 -11.53212738 1 21 1653
59.61182785 -10.33252430 1 21 1654
61.31387711 -8.26413727 1 21 1655
56.49883652 -7.44815016 1 21 1656
61.87493515 -7.07038736 1 21 1657
58.77528763 -6.73424673 1 21 1658
