tsne_1 tsne_2 label subject_code visual_run_index
39.09156036 4.14083338 0 0 0
40.19567490 10.18730164 0 0 1
42.99787903 10.33252716 0 0 2
43.31349945 10.48825645 0 0 3
43.90336609 9.98777103 0 0 4
44.12411499 10.37639618 0 0 5
45.64007568 11.39963341 0 0 6
47.56165695 10.95574570 0 0 7
49.47758865 10.75196838 0 0 8
51.76285172 10.79694557 0 0 9
52.76337814 9.97627831 0 0 10
52.79747009 9.36584949 0 0 11
53.53598785 8.31192207 0 0 12
53.38909912 7.22497511 0 0 13
54.52665710 7.77044439 0 0 14
39.41888809 -19.09702110 0 0 15
37.97812653 -19.16893387 0 0 16
36.89760208 -18.11552620 0 0 17
38.22275925 -18.04292870 0 0 18
39.05407333 -17.87227249 0 0 19
39.32761765 -16.94070244 0 0 20
39.20421982 -17.60265350 0 0 21
39.04650116 -16.68676949 0 0 22
34.64957428 -13.33522892 0 0 23
35.27473831 -12.29418087 0 0 24
34.23415375 -9.44126987 0 0 25
35.66699600 -10.45912457 0 0 26
34.34613037 -11.10204124 0 0 27
35.11424637 -9.68338108 0 0 28
35.42853546 -10.48259449 0 0 29
34.18410110 -11.68744755 0 0 30
34.26872635 -9.04288960 0 0 31
35.75826645 -8.79993534 0 0 32
38.90809631 -8.03320599 0 0 33
39.99780273 -8.88172054 0 0 34
37.55339432 -8.06819725 0 0 35
36.83311844 -13.96774006 0 0 36
36.95075989 -14.20268345 0 0 37
37.03413010 -14.36633492 0 0 38
8.66354084 27.05569458 0 0 39
7.01312971 27.75102425 0 0 40
7.34737587 27.30366898 0 0 41
8.47019005 26.80712128 0 0 42
7.48094082 27.19595528 0 0 43
6.46235228 27.30326271 0 0 44
6.85780287 26.85538673 0 0 45
7.63331556 26.90189171 0 0 46
37.75516891 -15.31335545 0 0 47
24.44879532 3.48039818 0 0 48
6.81199074 26.59853363 0 0 49
6.03994751 26.60811806 0 0 50
5.65910864 26.03764915 0 0 51
56.75922012 -7.29494190 0 0 52
57.13436508 -6.52467585 0 0 53
54.20768356 12.91768551 0 0 54
54.17321777 13.15845680 0 0 55
42.47183228 9.32298088 0 0 56
38.31449509 0.93870151 0 0 57
35.45902634 -7.61304235 0 0 58
4.39442205 -2.35050154 0 1 59
2.88397741 -6.86988592 0 1 60
2.16993499 -6.96624088 0 1 61
1.56902432 -8.08591461 0 1 62
0.96747977 -7.16605616 0 1 63
2.47711658 -8.50066090 0 1 64
1.79229069 -8.44025517 0 1 65
0.78597867 -6.33922720 0 1 66
2.40458512 -9.29378319 0 1 67
2.42750454 -7.84295177 0 1 68
1.81361234 -6.86089468 0 1 69
2.59246635 -7.55587244 0 1 70
2.23592639 -5.91432524 0 1 71
3.24746013 -2.13655233 0 1 72
4.07713223 -0.67377841 0 1 73
4.90238142 -0.18055581 0 1 74
6.77175903 6.55297756 0 1 75
7.22153759 7.02945948 0 1 76
9.43639183 11.08524036 0 1 77
6.28218794 12.33682537 0 1 78
6.81319141 15.68313408 0 1 79
6.84693336 17.18918991 0 1 80
6.86627245 17.83688545 0 1 81
5.56099939 19.29060173 0 1 82
4.66782522 19.84372520 0 1 83
20.85044479 21.11765289 0 1 84
23.81450081 15.45901394 0 1 85
23.35874748 12.74385738 0 1 86
15.45039940 9.92702770 0 1 87
14.82758713 9.06241798 0 1 88
14.58920479 7.95375204 0 1 89
0.67534608 -8.36202049 0 1 90
1.37493575 -6.65769100 0 1 91
3.33634830 -2.92994976 0 1 92
4.20950699 -0.58990443 0 1 93
5.15746212 3.62858200 0 1 94
7.10797739 13.38474083 0 1 95
7.15062952 13.73795033 0 1 96
7.09133673 16.94335175 0 1 97
5.67128134 19.13835907 0 1 98
4.71922255 20.04074097 0 1 99
-26.48641014 -15.34341717 0 1 100
-20.97234917 -2.16974378 0 1 101
-17.11994743 22.15159416 0 1 102
-17.11206818 22.03770638 0 1 103
-16.83876801 20.61876869 0 1 104
28.02785110 5.70460606 0 2 105
28.07090187 7.01416683 0 2 106
26.96349525 8.65110779 0 2 107
23.65538597 11.90234470 0 2 108
25.35227394 10.18979073 0 2 109
22.19312859 10.03729343 0 2 110
19.67672920 6.59481859 0 2 111
20.14108467 4.28785610 0 2 112
18.79490280 2.90440392 0 2 113
17.50375938 3.04534602 0 2 114
17.88421440 1.99523401 0 2 115
20.67644882 1.86803579 0 2 116
19.10338020 0.81223214 0 2 117
18.00398445 -2.95539427 0 2 118
20.63276672 1.64012313 0 2 119
19.02962303 -3.13692713 0 2 120
20.13482857 -3.15296698 0 2 121
23.02353859 -1.95227218 0 2 122
24.12147522 1.00950456 0 2 123
28.58090591 5.18428326 0 2 124
24.82401466 8.61122227 0 2 125
24.52144623 9.83578300 0 2 126
21.86086464 9.53132343 0 2 127
-6.53532934 -9.00022888 0 2 128
-4.86438179 -9.09076881 0 2 129
15.94678116 4.34759521 0 2 130
13.20149040 0.48169854 0 2 131
20.81895065 -0.13818491 0 2 132
21.53237343 -1.69960952 0 2 133
22.83912086 -0.76080644 0 2 134
23.47130775 -0.60644251 0 2 135
25.91172791 4.82841730 0 2 136
26.70090294 7.48475075 0 2 137
23.24085617 10.53272533 0 2 138
17.79880333 9.70654583 0 2 139
17.68305588 3.64893723 0 2 140
18.66058922 0.87397641 0 2 141
20.39178658 -1.83700085 0 2 142
25.93369293 4.71837330 0 2 143
26.52950287 6.17081499 0 2 144
24.78669930 9.73956203 0 2 145
21.60121155 8.33309555 0 2 146
19.69651794 5.53634548 0 2 147
20.45170403 2.77094841 0 2 148
19.68691826 -2.47495723 0 2 149
22.65545654 0.74201143 0 2 150
27.33325768 5.28325081 0 2 151
27.57834435 7.35767937 0 2 152
24.79276657 11.17118740 0 2 153
20.55948639 6.23681211 0 2 154
19.75832176 5.08649635 0 2 155
19.70305634 -0.25599480 0 2 156
23.12771606 -1.48985946 0 2 157
23.84778786 -0.49109218 0 2 158
25.63129807 6.17700005 0 2 159
-10.02927399 -19.02674675 0 2 160
23.36680412 10.70043755 0 2 161
21.70615959 7.83387232 0 2 162
19.74282265 6.69679403 0 2 163
16.40626335 4.21098328 0 2 164
15.28886604 -2.69854879 0 2 165
19.49719429 0.40380028 0 2 166
22.49545097 -0.54763913 0 2 167
27.05213737 4.60298586 0 2 168
25.43167877 6.83614588 0 2 169
28.03471565 10.74684906 0 2 170
45.17190170 6.60848665 0 3 171
42.87729645 13.21226311 0 3 172
33.63983917 -0.89377898 0 3 173
35.63400650 -3.85284448 0 3 174
35.41760635 -1.61450863 0 3 175
38.34865570 -12.80719185 0 3 176
42.26870346 -13.37021255 0 3 177
44.18812180 -12.96118259 0 3 178
48.48801422 -10.64340019 0 3 179
54.67608261 -10.60867691 0 3 180
55.37078476 -9.34968948 0 3 181
56.74382782 -3.69129562 0 3 182
53.36417770 5.25083256 0 3 183
50.01276779 11.16101360 0 3 184
51.48566437 12.03191185 0 3 185
44.75127029 14.05093002 0 3 186
43.69242477 8.37470531 0 3 187
37.99107361 8.09803104 0 3 188
34.20112228 -1.04731727 0 3 189
35.50195312 -4.42143488 0 3 190
33.64183426 -13.75356960 0 3 191
35.19902802 -16.28191948 0 3 192
42.84339523 -13.51479530 0 3 193
56.09365845 -5.08085251 0 3 194
55.73342896 5.94873762 0 3 195
52.67939758 5.35584116 0 3 196
43.82135391 8.41773319 0 3 197
37.94987106 8.36126137 0 3 198
39.33310699 2.59180903 0 3 199
33.73806000 -4.41621923 0 3 200
34.31921005 -16.11062241 0 3 201
41.38903427 -14.32148647 0 3 202
51.89178848 -12.52424049 0 3 203
55.07408905 -3.25831604 0 3 204
48.90626526 -0.28244817 0 3 205
43.79552841 14.13417912 0 3 206
37.51077271 12.95382690 0 3 207
32.51637650 -1.71121657 0 3 208
30.85772514 -10.84471607 0 3 209
42.47965240 -16.50107193 0 3 210
50.98610306 -11.24587059 0 3 211
55.64866257 -9.54894638 0 3 212
50.01667023 14.57111740 0 3 213
44.85932159 9.72755718 0 3 214
41.94026184 10.39570808 0 3 215
29.88753891 -3.78226686 0 3 216
31.86628914 -8.49350452 0 3 217
34.96689987 -16.04534721 0 3 218
43.76938629 -13.30543518 0 3 219
53.14820480 -9.39121342 0 3 220
56.20950699 5.65594959 0 3 221
50.49851227 5.29308701 0 3 222
46.04668045 6.63061762 0 3 223
41.31429291 3.34029889 0 3 224
8.26962185 -0.56973237 0 14 225
5.63732529 0.58785301 0 14 226
4.60956097 11.57655430 0 14 227
1.74218106 14.88856125 0 14 228
3.14396572 18.03825760 0 14 229
2.57757521 19.86694717 0 14 230
-26.12390518 -25.54980469 0 14 231
-18.62251663 -19.91028976 0 14 232
-5.14127922 -12.59201908 0 14 233
-8.90444946 -9.40843678 0 14 234
-1.92471385 -6.17234898 0 14 235
2.48988414 1.45470154 0 14 236
-16.77416039 16.23201752 0 14 237
-5.66237068 13.19235516 0 14 238
4.70572758 16.35765266 0 14 239
-0.03611499 17.95682716 0 14 240
-28.94661522 -19.72289276 0 14 241
-16.25976181 -20.44803429 0 14 242
-1.63848984 -8.72113323 0 14 243
-1.05011153 -6.48320866 0 14 244
-0.11871602 -2.56663609 0 14 245
8.89717197 10.77049351 0 14 246
4.28649426 12.60286427 0 14 247
2.13261580 14.94464588 0 14 248
0.39726138 18.05566406 0 14 249
-32.52666473 -26.18478203 0 14 250
-31.47902679 -22.28639984 0 14 251
-17.75242805 -20.27019119 0 14 252
-3.36119151 -9.68713093 0 14 253
-3.81516480 -5.58872175 0 14 254
0.82713675 -0.35547850 0 14 255
4.47575045 0.66325551 0 14 256
5.58479500 11.72722244 0 14 257
6.26224279 15.21853638 0 14 258
-0.26802546 15.50937557 0 14 259
2.58668351 17.67215538 0 14 260
2.90469575 19.89440727 0 14 261
-22.71203423 -26.85151672 0 14 262
-22.00223923 -24.68478775 0 14 263
-18.54721260 -20.14157867 0 14 264
-5.32134628 -12.38609695 0 14 265
-8.80756950 -9.36388874 0 14 266
-21.83370399 16.61994553 0 14 267
-1.38757741 2.61997437 0 14 268
4.08258629 4.47132254 0 14 269
4.50304031 9.99475098 0 14 270
2.74323606 13.88413715 0 14 271
10.00943279 18.61369133 0 14 272
5.33391094 21.80557442 0 14 273
-23.97362328 -26.59130096 0 14 274
-20.25770950 -26.12132835 0 14 275
15.77358246 10.44147873 0 14 276
15.43078995 20.93907166 0 15 277
16.61864662 22.15059662 0 15 278
17.76433182 23.63018608 0 15 279
20.12300491 23.77490425 0 15 280
22.31255722 24.36179161 0 15 281
24.15047836 24.78045654 0 15 282
25.68480301 24.69511032 0 15 283
10.74882030 -9.38502502 0 15 284
9.35936260 -10.99190998 0 15 285
10.02202606 -13.21877480 0 15 286
11.51246738 -14.87817383 0 15 287
13.53269386 -15.13260174 0 15 288
16.23182106 -15.85254002 0 15 289
14.10691738 16.25765038 0 15 290
14.08188057 18.57007790 0 15 291
15.84145069 20.81280708 0 15 292
17.95976639 22.84294319 0 15 293
20.45638847 24.00250435 0 15 294
22.70291328 24.77280807 0 15 295
24.57903099 25.11396027 0 15 296
26.68354034 24.93574333 0 15 297
10.09860802 -9.82675076 0 15 298
10.05048943 -12.77475452 0 15 299
11.82672405 -15.27406597 0 15 300
15.11712646 -15.55324841 0 15 301
17.26606369 -14.85754967 0 15 302
12.48921490 16.26706505 0 15 303
13.84520340 19.79736710 0 15 304
16.63100243 21.31052208 0 15 305
18.65156174 23.10764885 0 15 306
21.06676483 23.51571655 0 15 307
23.42321205 24.19918251 0 15 308
25.58032608 25.69014740 0 15 309
10.58447742 -8.46950436 0 15 310
9.82019424 -11.60911560 0 15 311
10.36436653 -13.70140076 0 15 312
12.50161362 -15.83748913 0 15 313
16.26010323 -15.62540817 0 15 314
13.45705318 16.57537460 0 15 315
10.59340477 18.68744469 0 15 316
16.40903473 23.17605400 0 15 317
20.38411140 22.37142944 0 15 318
22.85486031 25.91338921 0 15 319
28.15435982 25.26110077 0 15 320
9.59844875 -9.49305248 0 15 321
9.58033085 -13.51831341 0 15 322
12.24562263 -15.10674858 0 15 323
15.04168606 -15.54815769 0 15 324
17.13439178 -14.86613274 0 15 325
13.67277813 17.04298210 0 15 326
14.43138409 19.35225868 0 15 327
15.90167236 21.45693588 0 15 328
17.83536339 22.78483772 0 15 329
20.03680992 23.45495033 0 15 330
21.31093025 25.08024597 0 15 331
24.13302040 25.54971695 0 15 332
26.38960457 24.58757019 0 15 333
10.20092297 -10.27976608 0 15 334
8.98260117 -12.66399384 0 15 335
10.45043468 -14.78432465 0 15 336
13.05677605 -15.40806770 0 15 337
15.25259590 -15.95720196 0 15 338
16.79003143 -15.16489220 0 15 339
13.97794151 16.92209244 0 15 340
14.59092426 18.76491737 0 15 341
15.44304657 20.69151688 0 15 342
17.16423607 22.58522606 0 15 343
19.69825745 23.44271660 0 15 344
21.69876289 24.33967972 0 15 345
23.50320816 24.88810730 0 15 346
25.20081902 24.82166481 0 15 347
26.19936943 24.60547829 0 15 348
10.87036419 -9.81544304 0 15 349
10.38425732 -10.72176361 0 15 350
9.94841385 -12.57056713 0 15 351
10.72339916 -14.09567356 0 15 352
12.43690968 -14.93257618 0 15 353
14.29163933 -16.16046906 0 15 354
15.76894093 -16.58640099 0 15 355
14.38383389 16.23432922 0 15 356
14.46325588 17.80143929 0 15 357
14.90698910 19.52184486 0 15 358
15.91960621 21.24273682 0 15 359
17.65317154 22.12664223 0 15 360
18.87581444 23.75171089 0 15 361
6.85163116 18.91730309 0 16 362
8.83579445 15.55210209 0 16 363
8.39158726 14.07905293 0 16 364
20.30003166 -6.34299183 0 16 365
16.50496101 -6.71178389 0 16 366
5.26255894 -6.85112667 0 16 367
31.82879257 21.60617447 0 16 368
30.60123062 19.28509712 0 16 369
27.33543968 18.24519348 0 16 370
26.47740936 18.29249573 0 16 371
29.32818222 1.52154016 0 16 372
26.85835457 -2.46164489 0 16 373
19.46960449 -6.44992733 0 16 374
20.41901970 -6.29974079 0 16 375
16.46940422 -6.34462070 0 16 376
14.24003696 0.46956232 0 16 377
5.02567816 -7.49919128 0 16 378
31.81406975 21.51484680 0 16 379
30.46302223 19.63420105 0 16 380
28.72467995 17.89428329 0 16 381
31.16978264 8.75028133 0 16 382
31.58753777 5.75202179 0 16 383
9.02694416 15.64950752 0 16 384
23.93166542 -5.48434162 0 16 385
26.00496483 -2.72794366 0 16 386
18.22681618 -7.72780037 0 16 387
5.88650274 -6.17658758 0 16 388
5.16458845 -7.31699228 0 16 389
32.31380081 20.87089729 0 16 390
31.48193550 19.43398476 0 16 391
28.60547447 17.78601837 0 16 392
26.47325325 18.13291550 0 16 393
29.39329529 2.61154819 0 16 394
27.60452461 -1.67861235 0 16 395
24.50792503 -4.58753490 0 16 396
15.71037197 -0.81548220 0 16 397
17.27471924 5.83784819 0 16 398
31.42554665 19.48803711 0 16 399
29.00640297 14.71329784 0 16 400
32.36170959 7.44675636 0 16 401
31.08817482 1.03157866 0 16 402
23.80681610 -6.31278419 0 16 403
17.98959351 -7.86301708 0 16 404
5.35358715 -6.74646759 0 16 405
32.52863693 19.31837273 0 16 406
28.91288376 13.94903755 0 16 407
32.65240860 6.74733019 0 16 408
27.20739937 -4.25935650 0 16 409
26.76466370 -5.65198469 0 16 410
26.60290909 -9.38963604 0 16 411
22.19273376 5.32360268 0 16 412
32.26661682 19.59181786 0 16 413
29.87479782 14.92503452 0 16 414
32.46553040 9.88486767 0 16 415
30.81793022 2.67300034 0 16 416
26.63750076 -4.64631176 0 16 417
27.60279465 -7.61753702 0 16 418
22.17936516 3.88212514 0 16 419
32.71307755 19.56895828 0 16 420
28.93401909 15.48049736 0 16 421
33.06096268 9.16697884 0 16 422
30.85937309 2.09395838 0 16 423
25.06647873 -5.80141544 0 16 424
27.67047119 -7.48721552 0 16 425
22.31083870 3.75779009 0 16 426
33.56373215 19.45360184 0 16 427
30.70545769 12.21700382 0 16 428
32.80042267 6.38829422 0 16 429
29.17798042 0.00135224 0 16 430
28.46151352 -4.89825201 0 16 431
27.59664345 -10.38976479 0 16 432
50.06263733 -3.49838805 0 16 433
32.34603882 18.98134804 0 16 434
29.18349457 14.84593868 0 16 435
33.68087769 8.73402691 0 16 436
29.52777290 1.07089055 0 16 437
28.18029976 -4.05867767 0 16 438
27.04590416 -9.00576401 0 16 439
48.38516617 -4.08604622 0 16 440
33.22676086 17.86588478 0 16 441
46.53449631 -0.56977904 0 16 442
30.87899399 10.21922016 0 16 443
31.14370155 2.40431690 0 16 444
24.64171791 -5.91114330 0 16 445
18.61957550 -8.31202984 0 16 446
49.97747421 -6.13665295 0 16 447
48.59624481 -3.22379684 0 16 448
46.66165161 -0.36167586 0 16 449
32.67313004 9.54773712 0 16 450
31.67190361 2.08942842 0 16 451
25.23824692 -6.21203136 0 16 452
26.99024773 -9.19326782 0 16 453
22.26300049 5.75342894 0 16 454
28.60955811 13.04202938 0 16 455
31.81697273 7.72695065 0 16 456
28.50706673 -2.76969695 0 16 457
44.78390503 -17.62154961 0 16 458
49.02358627 -5.72403193 0 16 459
33.53878784 17.27511406 0 16 460
28.91427040 12.47056675 0 16 461
42.69814301 1.94566393 0 17 462
39.69651794 -0.45471704 0 17 463
39.09881592 -5.08276749 0 17 464
44.72293091 -14.58452606 0 17 465
47.15591049 -13.41607094 0 17 466
49.32781219 -11.66075993 0 17 467
53.10627747 -5.66302443 0 17 468
52.79610062 -2.14129066 0 17 469
51.05986404 0.93144083 0 17 470
47.90413666 3.48174429 0 17 471
44.09803772 2.79945874 0 17 472
40.45083618 0.33621144 0 17 473
39.53587723 -4.23737240 0 17 474
40.35982132 -7.32895470 0 17 475
45.83437347 -13.93100071 0 17 476
48.08046341 -12.66364861 0 17 477
51.56295013 -8.69394207 0 17 478
53.47883224 -4.90723181 0 17 479
51.20920944 0.58658588 0 17 480
45.17694473 2.87545967 0 17 481
39.91793823 -3.19252753 0 17 482
47.20788956 -14.51586246 0 17 483
53.36070633 -3.32962394 0 17 484
47.04036331 3.29512691 0 17 485
40.26004791 -1.42656541 0 17 486
46.01129532 -15.93016148 0 17 487
52.52311325 -5.74653816 0 17 488
49.04686737 2.00744724 0 17 489
41.19023895 -0.53323531 0 17 490
45.60928345 -15.54219913 0 17 491
51.83561707 -4.88048983 0 17 492
47.63974380 1.82315660 0 17 493
39.77592468 -2.43552089 0 17 494
47.55702591 -14.76703167 0 17 495
52.05523300 -2.64167190 0 17 496
45.63920212 2.16193819 0 17 497
40.26242828 -3.88711357 0 17 498
49.70480347 -12.88643169 0 17 499
50.17967987 0.69698066 0 17 500
41.80451965 -0.04341742 0 17 501
45.18102264 -16.11650467 0 17 502
52.03478241 -5.56289101 0 17 503
47.99755096 2.52661967 0 17 504
39.84445572 -1.78608978 0 17 505
46.67170715 -15.55164623 0 17 506
52.54686737 -4.50928831 0 17 507
48.05518723 1.94627988 0 17 508
40.83316803 -0.67874986 0 17 509
45.10450745 -15.75070667 0 17 510
51.68588638 -6.14458990 0 17 511
49.58549881 1.35581291 0 17 512
41.87981796 0.56379122 0 17 513
40.33390427 -5.94244051 0 17 514
49.60035324 -12.58478642 0 17 515
51.73702621 -0.45972168 0 17 516
45.32471466 2.58040404 0 17 517
39.75438690 -3.30092740 0 17 518
47.25495529 -14.31940937 0 17 519
52.75403976 -3.84621906 0 17 520
47.32066727 2.29321885 0 17 521
40.44953537 -1.72066021 0 17 522
46.01319122 -15.54253483 0 17 523
52.20461273 -5.08611345 0 17 524
48.29999924 2.19200301 0 17 525
40.89573669 -1.42791450 0 17 526
46.06688690 -15.06155586 0 17 527
52.18613434 -4.12002945 0 17 528
47.03298187 2.65743160 0 17 529
39.51671219 -2.04831958 0 17 530
46.61601257 -14.78055286 0 17 531
52.23399353 -3.58075571 0 17 532
46.73255539 2.25215602 0 17 533
40.52592850 -2.37455940 0 17 534
46.84708405 -15.23449707 0 17 535
54.12137222 -5.89817762 0 18 536
51.83183289 1.40550351 0 18 537
46.08032227 3.77703977 0 18 538
41.19564056 1.00527942 0 18 539
38.18964386 -4.39313316 0 18 540
44.60750961 -15.10442257 0 18 541
48.79021454 -12.78797817 0 18 542
53.71847534 -5.34416771 0 18 543
51.98173141 0.17828414 0 18 544
49.06460571 4.07655239 0 18 545
44.40431595 4.36055374 0 18 546
39.81620026 0.19854525 0 18 547
38.68452835 -5.95365429 0 18 548
48.08971024 -14.99798012 0 18 549
53.45463181 -6.39707851 0 18 550
51.65779877 1.72630942 0 18 551
44.82087326 4.85914373 0 18 552
37.64606094 -0.90971786 0 18 553
37.76676559 -6.60075426 0 18 554
48.64562607 -13.72132492 0 18 555
54.30127716 -4.62985373 0 18 556
50.77627563 2.59194779 0 18 557
43.41310120 3.70007443 0 18 558
37.72463226 -3.03891468 0 18 559
47.45647049 -17.51231575 0 18 560
53.83502960 -7.60928965 0 18 561
52.02764893 1.86196506 0 18 562
44.07785034 4.01620436 0 18 563
37.30390930 -3.39956069 0 18 564
47.37031937 -16.33816719 0 18 565
54.63032150 -5.30513144 0 18 566
49.48226929 2.65126681 0 18 567
41.69072723 1.71776032 0 18 568
38.23686218 -5.52838373 0 18 569
48.70743561 -14.23620987 0 18 570
54.23159409 -3.89037490 0 18 571
48.94185638 3.33177853 0 18 572
41.25091171 1.91579247 0 18 573
37.68166733 -5.17280483 0 18 574
48.06909943 -16.03138542 0 18 575
53.02538681 -8.19239235 0 18 576
53.98738480 0.77630860 0 18 577
47.73036194 5.03969812 0 18 578
40.72344208 1.58441031 0 18 579
38.24692154 -5.95880365 0 18 580
48.74055862 -15.21611309 0 18 581
54.77989578 -5.80577898 0 18 582
50.86975479 3.35655594 0 18 583
42.48925400 3.11493683 0 18 584
37.40648270 -4.66791058 0 18 585
48.59899521 -17.20458031 0 18 586
54.51108170 -7.21774530 0 18 587
52.40536499 2.34778643 0 18 588
44.99506760 4.88148165 0 18 589
38.83018875 -0.25550160 0 18 590
38.63646317 -6.56211758 0 18 591
48.81369400 -16.35350418 0 18 592
55.00027847 -7.17911482 0 18 593
52.41102219 2.76445127 0 18 594
43.72760391 4.43793488 0 18 595
37.90047073 -3.59298372 0 18 596
47.15795517 -16.98441696 0 18 597
52.45520782 -7.66047049 0 18 598
52.97970581 1.81783938 0 18 599
43.73738861 5.29378080 0 18 600
37.17482376 -2.73801994 0 18 601
47.88118744 -17.73362350 0 18 602
54.32448959 -7.56749725 0 18 603
52.25056458 3.19346189 0 18 604
43.17329025 5.33130360 0 18 605
17.52373123 7.90601921 0 19 606
14.58504200 7.50378036 0 19 607
9.97123623 -3.23568916 0 19 608
17.36555672 0.22784120 0 19 609
17.80370331 -0.93096161 0 19 610
7.45787048 2.96661735 0 19 611
25.82495689 1.56166303 0 19 612
29.02359772 6.90647316 0 19 613
28.83188438 8.67797565 0 19 614
7.68214750 21.41926193 0 19 615
23.53281212 14.91232681 0 19 616
19.17764473 9.13731861 0 19 617
16.69091988 7.64377880 0 19 618
15.96128178 2.22906828 0 19 619
11.95381355 -1.75235736 0 19 620
11.24654675 -3.31212306 0 19 621
24.98917961 -3.26001811 0 19 622
26.11860847 1.08436859 0 19 623
5.54886675 24.84639931 0 19 624
27.22085762 2.60407472 0 19 625
28.93633842 7.51356220 0 19 626
8.02299976 23.31401062 0 19 627
3.57145143 22.40214348 0 19 628
27.18946838 12.79154968 0 19 629
27.18067741 12.96701813 0 19 630
19.33906746 10.34298706 0 19 631
-15.21831417 -14.31572056 0 19 632
9.94017029 -2.78197646 0 19 633
11.21759415 -2.21253824 0 19 634
18.97641563 -1.70875549 0 19 635
24.57443047 -1.36307991 0 19 636
26.92589951 1.18349802 0 19 637
5.74768496 23.20207977 0 19 638
8.36264420 22.45052910 0 19 639
22.94325066 14.78084469 0 19 640
17.25340843 8.90795231 0 19 641
11.20851707 -1.90206504 0 19 642
22.11293602 -3.22297645 0 19 643
7.48810005 2.99929810 0 19 644
1.49451315 24.86447334 0 19 645
28.95183563 9.01680088 0 19 646
24.94020653 12.91647434 0 19 647
19.93361664 8.48779297 0 19 648
17.70782852 7.03666735 0 19 649
15.71842957 1.81186688 0 19 650
16.56879807 -0.83756244 0 19 651
24.64250946 -3.25913525 0 19 652
26.62743759 1.19861746 0 19 653
5.47847223 24.06477165 0 19 654
27.76934814 7.82760906 0 19 655
25.21268272 11.68694782 0 19 656
26.23373032 12.86884975 0 19 657
19.70549774 8.26068974 0 19 658
15.06691933 6.28933191 0 19 659
13.69640732 0.55352634 0 19 660
16.81164551 0.73854649 0 19 661
17.20017815 -1.08970010 0 19 662
24.49413109 -3.21063590 0 19 663
25.89315033 0.87554830 0 19 664
1.56661212 24.91995430 0 19 665
6.59523439 21.47418404 0 19 666
24.88165092 13.15941334 0 19 667
19.95564461 8.33800983 0 19 668
18.83780479 4.89259052 0 19 669
17.25411415 0.29414314 0 19 670
19.30213356 -4.11317825 0 19 671
-10.48989487 6.34078026 0 19 672
7.68279886 17.83276558 0 19 673
-1.00514162 29.47189903 0 22 674
56.56468201 7.04143858 0 22 675
56.01800919 9.57616329 0 22 676
-1.07997835 29.40132904 0 22 677
50.06044006 13.70506859 0 22 678
50.90214539 12.52249908 0 22 679
45.76964188 11.88211823 0 22 680
41.54027557 11.83768845 0 22 681
37.62764740 12.92458153 0 22 682
33.68203354 -0.25001279 0 22 683
33.90761948 -7.76468468 0 22 684
33.44580841 -11.67097664 0 22 685
36.76757431 -12.13163376 0 22 686
41.60692596 -16.62247849 0 22 687
46.79600906 -11.89170456 0 22 688
49.07930374 -10.10446167 0 22 689
56.93830872 -9.01203251 0 22 690
56.35476685 9.36359215 0 22 691
56.23630524 7.11199808 0 22 692
55.17790985 9.16964245 0 22 693
53.33821106 10.45473576 0 22 694
49.63701630 13.35106468 0 22 695
49.27974319 13.15667152 0 22 696
43.98704529 11.34784985 0 22 697
44.15729523 12.12916279 0 22 698
42.57230377 11.41363811 0 22 699
39.79051971 9.96911144 0 22 700
36.89739990 -0.54496640 0 22 701
33.28833389 -6.45023584 0 22 702
34.43022919 -5.76088476 0 22 703
33.17207336 -10.45140553 0 22 704
6.73562956 10.41257381 0 22 705
5.47042847 10.23200417 0 22 706
5.84898663 10.00124264 0 22 707
32.20852661 -11.02775478 0 22 708
34.69640732 -11.53742599 0 22 709
38.03264999 -11.92737675 0 22 710
37.82004547 -11.02788353 0 22 711
33.99697495 -12.32029343 0 22 712
33.68507004 -9.41071606 0 22 713
35.78524017 -9.33059788 0 22 714
37.95812988 -9.51244450 0 23 715
37.51741409 3.67345166 0 23 716
38.04497147 5.81685781 0 23 717
39.67900085 6.85444069 0 23 718
40.97483444 6.95182800 0 23 719
47.25324631 8.99858475 0 23 720
48.66706467 9.46243763 0 23 721
49.84607697 8.77851009 0 23 722
51.57085800 8.45235825 0 23 723
52.62907791 7.36946726 0 23 724
46.74201202 -8.21027946 0 23 725
46.09437561 -9.52278709 0 23 726
43.65418625 -10.39337349 0 23 727
41.24938583 -10.91030979 0 23 728
38.28456497 -10.21876335 0 23 729
36.70420837 3.05117679 0 23 730
38.06115723 5.13027143 0 23 731
39.92894745 6.47960377 0 23 732
47.41934967 9.01525688 0 23 733
50.19588470 8.72773838 0 23 734
52.15303040 7.63630486 0 23 735
45.72620010 -8.94450378 0 23 736
42.49002457 -10.71449375 0 23 737
38.93765259 -9.96208858 0 23 738
37.68975830 4.27160120 0 23 739
39.26832581 6.32126331 0 23 740
46.77933884 9.89841461 0 23 741
50.43690109 8.21874809 0 23 742
47.24696732 -7.25689888 0 23 743
46.11127853 -8.95277214 0 23 744
42.95180130 -10.54087734 0 23 745
39.65772629 -10.36841679 0 23 746
37.03393936 3.13466477 0 23 747
38.48540115 5.59984303 0 23 748
40.61468506 7.00756073 0 23 749
47.88678360 8.77086544 0 23 750
50.13572693 8.80963135 0 23 751
51.98630142 7.61236811 0 23 752
46.22742844 -8.16888237 0 23 753
44.47322083 -9.96235371 0 23 754
41.04967117 -10.84972191 0 23 755
38.87186813 -9.61779308 0 23 756
37.26916885 4.18256760 0 23 757
39.03017426 5.73655033 0 23 758
41.30228424 7.39129257 0 23 759
48.97084808 8.40045738 0 23 760
51.00833130 7.93317413 0 23 761
46.77237320 -7.58418274 0 23 762
45.36052704 -9.49061012 0 23 763
42.26977539 -10.72804356 0 23 764
39.16460037 -10.46901608 0 23 765
36.61570740 3.63472772 0 23 766
38.53522491 4.96708536 0 23 767
-26.98767090 -14.94098663 1 4 768
-22.11425591 -1.88274813 1 4 769
-21.26267052 8.21092224 1 4 770
-12.55401802 12.65387630 1 4 771
-36.42954254 -9.03182697 1 4 772
-37.73792267 -12.16411209 1 4 773
-23.23929024 -4.49676037 1 4 774
-18.25608253 4.84100628 1 4 775
-28.47900963 9.39977646 1 4 776
-34.63392258 5.00668669 1 4 777
-33.90250397 -16.89655304 1 4 778
-21.40124512 -16.29953575 1 4 779
-22.34155273 -2.36846709 1 4 780
-21.76256752 4.42033577 1 4 781
-21.27333069 8.85645294 1 4 782
-33.20739746 -17.20715714 1 4 783
-40.54021835 -13.93970013 1 4 784
-42.97343445 -13.52825069 1 4 785
-20.45922089 4.46198082 1 4 786
-34.23739624 2.92887092 1 4 787
-45.56423950 -2.45050454 1 4 788
-35.37886047 -16.95626068 1 4 789
-14.72276878 -14.67174530 1 4 790
-25.07780647 6.52509499 1 4 791
-37.27071762 13.22599220 1 4 792
-31.77020264 -17.30723953 1 4 793
-18.85585022 -18.05480194 1 4 794
-17.22675514 -4.61023045 1 4 795
-18.29539299 6.20844078 1 4 796
-13.42977715 12.35078430 1 4 797
-31.08864594 -17.05881310 1 4 798
-21.36475563 -16.28595161 1 4 799
-22.66741180 -2.59798098 1 4 800
-18.09744835 5.80207443 1 4 801
-13.04724503 12.45264816 1 4 802
-31.59147072 -17.54384995 1 4 803
-19.31052208 -17.46683121 1 4 804
-17.50827408 -4.24021292 1 4 805
-21.52869415 7.24857616 1 4 806
-37.77005768 5.76781273 1 4 807
-37.97275925 -9.34365845 1 4 808
-19.91814232 -17.03273010 1 4 809
-17.84023666 -4.13439035 1 4 810
-21.96215630 7.16600752 1 4 811
-38.29592133 7.01863432 1 4 812
-33.00600815 -15.85338974 1 4 813
-30.36486816 -18.59354782 1 4 814
-27.73934555 -13.30415058 1 4 815
-26.19577026 -12.54827023 1 5 816
-4.50442505 21.26095390 1 5 817
-9.88365269 7.03791142 1 5 818
-26.13146782 0.91807330 1 5 819
-35.23194122 -0.75742757 1 5 820
-31.09351730 2.39705348 1 5 821
-19.95512390 -6.24092817 1 5 822
-29.57924461 -13.14252853 1 5 823
-33.12569809 -1.04523075 1 5 824
-32.44578934 -8.06757927 1 5 825
-18.79956818 -0.21375607 1 5 826
-15.51426983 -10.42752647 1 5 827
-18.67026329 -1.98084247 1 5 828
-28.69361115 6.00527859 1 5 829
-33.87942505 -6.60757685 1 5 830
-15.34302711 5.90414143 1 5 831
-13.64218712 9.70772839 1 5 832
-20.61221695 -9.56838512 1 5 833
-24.39699554 -14.00589752 1 5 834
-21.07417870 -12.59327221 1 5 835
-24.20615959 -10.23772240 1 5 836
-30.21027565 -3.50385523 1 5 837
-19.12234688 -11.33582020 1 5 838
-26.66486931 1.77970552 1 5 839
-25.98020554 0.64702207 1 5 840
-26.87240982 10.67248631 1 5 841
-11.55969429 12.75434399 1 5 842
-29.93387794 2.42331481 1 5 843
-12.50157261 4.57579851 1 5 844
-31.51664352 -1.96431112 1 5 845
-45.00745010 -1.79334080 1 5 846
-34.39978790 -20.61670113 1 5 847
-26.90111923 -4.59856892 1 5 848
-40.43848038 -2.34802699 1 5 849
-6.14985466 8.72110558 1 5 850
32.78890610 -4.10382175 1 5 851
-3.58671522 21.43569374 1 5 852
-23.59671021 3.22422767 1 5 853
-33.59706497 14.86469173 1 5 854
-33.12717819 12.45113277 1 5 855
-19.14276314 -23.88397026 1 6 856
20.59122658 12.82126522 1 6 857
-1.44294536 -8.13012123 1 6 858
0.18477723 -0.33288893 1 6 859
-11.40969372 15.24860287 1 6 860
-6.80643654 16.04550743 1 6 861
-31.16551018 -16.17560768 1 6 862
-13.41640186 -18.61010170 1 6 863
-15.33634663 -16.75935555 1 6 864
-9.23110390 -13.25025177 1 6 865
0.19633745 -5.16035366 1 6 866
-14.59855461 17.94174385 1 6 867
-26.98271751 13.11562538 1 6 868
-13.26249123 1.44660437 1 6 869
-31.08489418 -27.74049759 1 6 870
-36.76324463 -13.59408951 1 6 871
-17.35405922 -18.17240524 1 6 872
-16.60817528 -5.12875319 1 6 873
-18.04553032 5.01195478 1 6 874
-14.89764404 14.38620472 1 6 875
-35.43535233 4.47834778 1 6 876
-33.16091919 -15.21565056 1 6 877
-11.27019978 -22.25361824 1 6 878
-17.67681503 -24.67024803 1 6 879
-19.46768761 -21.48130035 1 6 880
-8.23799610 -10.36379623 1 6 881
-4.96676683 -5.96018648 1 6 882
-17.26508522 3.12830448 1 6 883
-19.83707428 11.81429100 1 6 884
-17.73154449 14.38120365 1 6 885
5.27017546 7.16859531 1 6 886
3.21834970 9.71895885 1 6 887
-42.44816971 -7.30669928 1 6 888
-32.63544464 10.05775547 1 6 889
-6.51707745 10.63107109 1 6 890
-11.51845932 18.62647438 1 6 891
-18.20356369 -29.60057831 1 6 892
-33.38863373 -23.66688728 1 6 893
-31.87088394 -24.56622887 1 6 894
-15.76974201 -26.26895332 1 6 895
-8.82859421 -20.65423393 1 6 896
-23.41271782 -25.74781799 1 6 897
-27.30258369 -23.86263657 1 6 898
-18.30682945 -25.12377739 1 6 899
-15.84316826 -24.87650681 1 6 900
-23.37594414 -22.73160172 1 6 901
-23.46245575 -24.86646080 1 6 902
-20.51056862 -23.21729088 1 6 903
-21.35031700 -22.32133293 1 6 904
-24.40036774 -23.76451492 1 6 905
-18.83219528 -21.99902344 1 6 906
-19.49458313 -21.49829674 1 6 907
-21.55398941 -19.06073570 1 6 908
-27.25856209 -17.99286461 1 6 909
-9.04571819 -11.67100525 1 6 910
-6.30402660 -11.12412643 1 6 911
-7.12360716 -8.82519627 1 6 912
-9.08447456 -8.82217884 1 6 913
-7.46495676 -7.07974958 1 6 914
-5.22766018 -8.09342670 1 6 915
-3.79792428 -8.71314335 1 6 916
-5.92149210 -6.63882542 1 6 917
-6.36713219 -6.78129482 1 6 918
-7.81130123 -6.91723442 1 6 919
-10.14886475 -2.82417846 1 6 920
-7.74040461 -13.16244984 1 6 921
-7.68668413 -12.85703373 1 6 922
-6.64875507 -11.37197399 1 6 923
-7.82512856 -12.38523006 1 6 924
-5.26181221 -10.93818665 1 6 925
-6.22429562 -15.09499741 1 6 926
-38.90240097 -9.41272831 1 7 927
-44.33461761 -13.98322773 1 7 928
-23.99460411 -0.70451730 1 7 929
-35.70759583 18.11799431 1 7 930
-47.63504410 -0.40449387 1 7 931
-38.77262497 -7.98307753 1 7 932
-27.93550682 -8.96127892 1 7 933
-24.92144203 7.04460621 1 7 934
-37.21240997 13.78222370 1 7 935
-47.19236374 -0.54867631 1 7 936
-34.77931595 -13.56182957 1 7 937
-22.75476646 4.13358307 1 7 938
-30.95555305 7.20479488 1 7 939
-38.80326080 -13.26728630 1 7 940
-32.08369446 -5.74657869 1 7 941
-28.46909142 5.89956856 1 7 942
-36.00852203 4.92513180 1 7 943
-39.13650513 -7.07193995 1 7 944
-48.90672302 -5.18718433 1 7 945
-35.71544647 18.09959602 1 7 946
-34.63544846 2.71343184 1 7 947
-38.74308777 -10.12711239 1 7 948
-44.73695374 -13.13031197 1 7 949
-26.45359421 6.57078362 1 7 950
-36.96166611 -6.71633339 1 7 951
-26.08140755 -9.93799973 1 7 952
-29.05965233 -8.61097050 1 7 953
-36.76019287 11.14869499 1 7 954
-43.52130127 7.73952627 1 7 955
-34.59563446 -11.79582119 1 7 956
-28.06765938 5.09428120 1 7 957
-34.62340927 13.00436974 1 7 958
-35.51128387 -8.25081921 1 7 959
-47.34086227 -3.59850430 1 7 960
-23.22592163 7.38807583 1 7 961
-36.05324554 4.58296347 1 7 962
-37.48128128 -9.61361599 1 7 963
-31.90375328 -5.74551964 1 7 964
-38.13154602 10.24966908 1 7 965
-38.27676773 -8.65606689 1 7 966
-48.89632416 -5.26497555 1 7 967
-31.45864296 15.55103683 1 7 968
-43.32847214 -9.95585918 1 7 969
-33.07864380 -8.91114616 1 7 970
-22.34926605 5.77000570 1 7 971
-33.80243301 4.70383787 1 7 972
-40.31928635 -9.14721107 1 7 973
-13.00353336 4.04631853 1 8 974
-14.78478527 -25.60563087 1 8 975
-16.99788094 -15.81038189 1 8 976
-15.17992783 -9.42063427 1 8 977
-20.73733521 3.79645371 1 8 978
-17.82868576 6.95155048 1 8 979
-15.85920525 11.16741276 1 8 980
-41.02016830 1.92853856 1 8 981
-35.20367432 -19.07874680 1 8 982
-0.06085939 9.04753685 1 8 983
-9.29860306 -18.55705452 1 8 984
-19.97224426 1.06629741 1 8 985
-20.95742035 -0.70580906 1 8 986
-29.17645454 2.71858335 1 8 987
-36.86231995 5.04830599 1 8 988
-37.27983093 -7.51909447 1 8 989
-23.29147720 -14.32593346 1 8 990
-17.50456810 -23.10880280 1 8 991
22.07118607 11.57241058 1 8 992
11.91784000 2.20371032 1 8 993
-11.10257053 5.34052658 1 8 994
-26.35675240 8.77804661 1 8 995
-15.51854992 6.02408314 1 8 996
-29.76797295 8.87387180 1 8 997
-12.05736351 17.18603325 1 8 998
-2.34028459 8.65722942 1 8 999
-24.65892601 -16.59882927 1 8 1000
-18.51233864 -14.86131096 1 8 1001
-17.70682907 -9.29039669 1 8 1002
-24.67238617 -4.61113930 1 8 1003
-41.51762009 6.39352798 1 8 1004
-15.32240295 7.45930338 1 8 1005
-12.95542622 10.18685341 1 8 1006
-7.72098541 10.03067684 1 8 1007
-8.90568638 12.08808327 1 8 1008
-41.01838303 1.88396418 1 8 1009
-39.96806335 -10.99417591 1 8 1010
-35.68755341 -11.08595848 1 8 1011
-28.40856934 -10.70881557 1 8 1012
-24.50944710 -13.94955063 1 8 1013
-22.01976585 -9.57497215 1 8 1014
-18.39520836 -9.17313671 1 8 1015
-17.16375542 3.04819059 1 8 1016
-4.42595434 2.38373637 1 8 1017
-15.62839699 8.84400368 1 8 1018
-36.76369858 4.29372263 1 8 1019
-29.96582603 -0.17537908 1 8 1020
-12.37521362 -23.00188065 1 8 1021
-37.34958267 -16.69951248 1 8 1022
-34.50158691 -16.05198097 1 8 1023
-20.07117271 -15.25611591 1 8 1024
-18.70190811 -8.61248970 1 8 1025
-23.52539062 1.40549564 1 8 1026
-11.67583275 -1.46814966 1 8 1027
-10.39282417 4.53360033 1 8 1028
-27.33508110 9.21106243 1 8 1029
-31.88031578 4.56261683 1 8 1030
-37.07922745 -4.30402803 1 8 1031
-30.03214264 -16.77435684 1 8 1032
-33.40466690 -11.23914909 1 8 1033
-20.68398857 -6.75186396 1 8 1034
-20.69208527 1.66346383 1 8 1035
-27.90952301 7.04865170 1 8 1036
-39.70638275 9.53042507 1 8 1037
-38.76945114 3.65984201 1 8 1038
-35.28404617 -18.60448456 1 8 1039
-30.89659691 -9.62018299 1 8 1040
-26.25258255 -12.82642174 1 8 1041
-19.53903961 -3.27816415 1 8 1042
-19.11102676 2.87888980 1 8 1043
-29.14783669 9.29403687 1 8 1044
-33.57550430 7.10823298 1 8 1045
-40.05304718 -21.22102737 1 8 1046
-30.35790443 -12.83354950 1 8 1047
-15.58693886 -23.11291885 1 8 1048
-21.62436295 -10.39814568 1 8 1049
-23.33448792 -6.66014528 1 8 1050
-0.85831112 -0.42525136 1 8 1051
-15.29481220 2.93005753 1 8 1052
-7.04618120 11.88982487 1 8 1053
-1.95767963 10.63395596 1 8 1054
26.74810600 8.89876652 1 8 1055
-3.49914312 21.47432518 1 8 1056
-28.13693237 -15.15106487 1 8 1057
-22.12474823 -1.36518586 1 8 1058
-21.38033676 4.01650524 1 8 1059
-8.85167694 11.72784424 1 8 1060
-13.88491344 9.64070988 1 8 1061
-32.62401962 8.09265423 1 8 1062
-32.05146027 6.14706230 1 8 1063
-30.76531219 -11.84680653 1 8 1064
-36.13354111 -5.56515455 1 8 1065
-35.43370819 -11.88713646 1 8 1066
-20.21686554 -12.09893131 1 8 1067
-15.63810539 -24.88346863 1 8 1068
-17.31699371 -15.69256210 1 8 1069
-24.61239243 -5.77663040 1 8 1070
-10.15859127 -1.76445973 1 8 1071
-12.05568981 8.08568001 1 8 1072
-10.03102112 9.25968647 1 8 1073
-6.91358614 10.40208244 1 8 1074
-29.95490646 0.95710903 1 8 1075
-29.93942070 -10.40251827 1 8 1076
-2.16765356 7.97473860 1 8 1077
-12.76778412 -20.20074081 1 8 1078
-19.50108910 -8.09313488 1 8 1079
-24.72824478 1.65185142 1 8 1080
-10.47663498 -1.42559266 1 8 1081
-35.18506241 7.23326635 1 9 1082
-23.48780823 20.12086296 1 9 1083
-22.12582588 10.99871063 1 9 1084
-23.96820259 14.06840420 1 9 1085
-24.95678329 4.70049763 1 9 1086
-25.27211380 4.24857903 1 9 1087
-42.64559555 -0.70155883 1 9 1088
-52.39244080 -8.07490444 1 9 1089
-26.64107895 -8.23647976 1 9 1090
-25.57195091 -19.40649796 1 9 1091
-26.69351959 -22.11759758 1 9 1092
-36.03086853 -27.16114998 1 9 1093
-45.44398880 1.13923740 1 9 1094
-37.49623489 -20.45361519 1 9 1095
-46.46760559 7.44539738 1 9 1096
-32.15374374 13.55091953 1 9 1097
-36.51437378 9.81604004 1 9 1098
-29.21418571 6.88088369 1 9 1099
-10.14806271 9.61268234 1 9 1100
-11.09586334 1.67617941 1 9 1101
-48.53052139 -8.54057884 1 9 1102
-51.09812546 -18.07708931 1 9 1103
-45.66308975 -18.60093117 1 9 1104
-41.03992844 -17.10056114 1 9 1105
-37.54043198 -21.16019630 1 9 1106
-27.97467041 19.57767677 1 9 1107
-23.63747978 19.01447105 1 9 1108
-19.46571732 17.80832291 1 9 1109
-10.26093578 1.98373699 1 9 1110
-14.42329979 -4.82556438 1 9 1111
-48.97146988 -16.44266510 1 9 1112
-28.51077080 -21.51637268 1 9 1113
-35.93384552 -26.76417923 1 9 1114
-11.79418564 -25.92100334 1 9 1115
-8.13080788 17.41883087 1 9 1116
-25.10067368 18.58300209 1 9 1117
-22.86359024 19.17941475 1 9 1118
-9.49464321 3.48210955 1 9 1119
-26.92587852 4.56104755 1 9 1120
-24.61055565 -3.21931100 1 9 1121
-23.51046371 -19.28062820 1 9 1122
-24.41586876 -11.47903919 1 9 1123
-38.87797546 -20.75470161 1 9 1124
-45.33646393 5.30194283 1 9 1125
-29.16376686 17.86707115 1 9 1126
-25.42028809 13.98313236 1 9 1127
-29.70810318 12.60897350 1 9 1128
-13.95827770 -7.23364067 1 9 1129
-16.40369987 -7.01977205 1 9 1130
-52.36022186 -8.01790428 1 9 1131
-47.53053284 -10.84649086 1 9 1132
-22.51004028 -20.46560860 1 9 1133
-49.35328293 -16.18549919 1 9 1134
-47.82220840 -17.14975739 1 9 1135
-21.10596848 -20.84247971 1 9 1136
-16.69946671 -17.96659660 1 9 1137
-20.70420074 -5.26041317 1 9 1138
-24.80018044 -7.17530203 1 9 1139
-12.08322525 -6.56888390 1 9 1140
-17.04302979 -1.29445565 1 9 1141
-12.39437294 -2.48409963 1 9 1142
-24.47884560 5.49011421 1 9 1143
-28.67856407 13.96627045 1 9 1144
-25.94278908 12.92408180 1 9 1145
-35.16101456 14.99895763 1 9 1146
-28.68517685 11.05364323 1 9 1147
-36.92333603 6.64456558 1 9 1148
-37.48743820 8.63507462 1 9 1149
-9.35044670 17.68984413 1 9 1150
-35.56642151 6.13952827 1 9 1151
-35.64687729 6.43373775 1 9 1152
-2.35015488 13.81284714 1 9 1153
-0.09869075 12.26143169 1 9 1154
-4.69790840 16.85975266 1 9 1155
-35.08990097 -9.83941746 1 9 1156
-5.22337532 16.98901749 1 9 1157
-2.43617558 13.81370163 1 9 1158
-42.66437149 -10.01617050 1 9 1159
-41.98144150 -7.81812239 1 9 1160
-42.33106232 -9.05102730 1 9 1161
-41.75007629 -8.54328251 1 9 1162
-32.82989120 -9.71441078 1 9 1163
-38.04749680 -16.47694969 1 9 1164
-30.31826210 -20.63648224 1 9 1165
-25.54841042 -20.12501907 1 9 1166
-27.41597366 -20.28901482 1 9 1167
-27.60243607 -10.95209503 1 9 1168
-43.29888153 -13.36711311 1 9 1169
-12.32053566 -4.32322502 1 9 1170
-12.19665337 -3.62601519 1 9 1171
-22.78385735 0.01219469 1 9 1172
-26.54144859 7.12688684 1 9 1173
-22.79426765 9.08060360 1 9 1174
-23.77714729 15.58759212 1 9 1175
-26.14330864 15.16388226 1 9 1176
-37.22846985 3.42387366 1 9 1177
-33.00078201 6.14241552 1 9 1178
-40.28051758 -4.97034550 1 9 1179
-38.35523605 -12.49516106 1 9 1180
-31.58656311 -14.88975906 1 9 1181
-32.49719238 -12.85549927 1 9 1182
-40.23871231 -5.26929522 1 9 1183
-44.76220703 -7.89439678 1 9 1184
-35.05154419 2.07059073 1 9 1185
-40.61135101 -21.41722298 1 9 1186
-37.10231018 -22.35677147 1 9 1187
-28.79821205 -28.07071686 1 9 1188
-36.56665802 -15.29261875 1 9 1189
-42.75551605 -16.62082481 1 9 1190
-11.79871845 -25.97529221 1 9 1191
-14.73323154 -21.49846840 1 9 1192
-33.10625839 -22.42479515 1 9 1193
-23.62873268 -11.02607059 1 9 1194
-25.01109695 -20.73803520 1 9 1195
-21.87091446 -22.21068192 1 9 1196
-50.58599854 -9.68988609 1 9 1197
-45.36020660 -11.74698257 1 9 1198
-49.32699203 -9.83942318 1 9 1199
-9.10821724 -6.87104797 1 9 1200
-12.01244259 -2.63368154 1 9 1201
-19.99631882 7.09943771 1 9 1202
-22.84601021 13.43750381 1 9 1203
-18.73587036 14.89017677 1 9 1204
-0.72483778 2.14953709 1 9 1205
-9.73558521 4.65292549 1 9 1206
-22.97226906 13.52743912 1 9 1207
-22.53571129 11.66514111 1 9 1208
-21.96612930 14.06747627 1 9 1209
-19.37083817 13.88894939 1 9 1210
-19.01878166 8.98826122 1 9 1211
-17.59760857 10.43074512 1 9 1212
-20.97280312 13.91611862 1 9 1213
-38.56243515 -5.20076466 1 10 1214
-30.95027161 -26.20838165 1 10 1215
-20.66367340 -23.60705757 1 10 1216
-20.06708527 -19.72566986 1 10 1217
-3.63637018 -7.90764332 1 10 1218
-19.93749619 10.94014549 1 10 1219
-38.22956467 11.26199341 1 10 1220
6.18735790 9.33706570 1 10 1221
3.43205094 13.45852852 1 10 1222
-1.34386218 17.70948982 1 10 1223
-28.98487854 -27.60972023 1 10 1224
-22.14001656 -22.93678284 1 10 1225
-20.29250526 -15.58508587 1 10 1226
-5.90719557 -12.08478928 1 10 1227
-10.17809296 -7.86155462 1 10 1228
-19.96917152 7.39943981 1 10 1229
-24.54375648 9.56014729 1 10 1230
-13.40810871 14.95230770 1 10 1231
2.48458695 12.92996120 1 10 1232
-1.48989141 16.64640617 1 10 1233
-31.12362862 -25.00456810 1 10 1234
-27.76671028 -24.88332176 1 10 1235
-25.82286644 -24.16063881 1 10 1236
-21.15794754 -19.12668991 1 10 1237
-22.79061127 -5.34806395 1 10 1238
-21.86079788 1.44538295 1 10 1239
-20.13307190 10.59466457 1 10 1240
-14.97952366 14.41796684 1 10 1241
-35.93586349 8.64223862 1 10 1242
-33.96440125 9.10800743 1 10 1243
-0.67322832 16.65523148 1 10 1244
-31.61825943 -25.75374031 1 10 1245
-21.71632767 -26.05719757 1 10 1246
-21.86629295 -23.90587044 1 10 1247
-22.71060181 -17.61793709 1 10 1248
-15.31234074 -9.69709682 1 10 1249
-18.89895630 -3.11652350 1 10 1250
-20.38376427 2.48425055 1 10 1251
-18.25122643 12.23419285 1 10 1252
-32.42427063 8.20902348 1 10 1253
11.11571884 5.67138052 1 10 1254
-3.46918774 8.53387070 1 10 1255
40.53401566 13.84702587 1 10 1256
-24.71124268 -17.65472221 1 10 1257
-17.90072632 -16.99650383 1 10 1258
-11.38148499 -8.28007412 1 10 1259
-19.83892250 10.74392700 1 10 1260
-16.75694084 16.57675171 1 10 1261
-34.03580475 9.85242367 1 10 1262
-0.80405766 16.49088478 1 10 1263
-30.84466553 -25.94941902 1 10 1264
-26.10087204 -24.29295540 1 10 1265
-20.64075661 -18.94297028 1 10 1266
-10.43068695 -10.24169922 1 10 1267
-7.63359213 4.66764927 1 10 1268
-30.08221245 10.10437775 1 10 1269
-34.56076431 9.08246613 1 10 1270
-37.83838654 -5.46466208 1 10 1271
-30.23034286 -25.72203636 1 10 1272
-21.51162720 -25.34680367 1 10 1273
-20.84716797 -20.26241875 1 10 1274
-8.84133053 -11.26957893 1 10 1275
-21.96126175 2.23232818 1 10 1276
-38.40496826 10.70280361 1 10 1277
-37.51460266 9.62168884 1 10 1278
-34.43162155 8.96449089 1 10 1279
0.95877504 16.36379051 1 10 1280
40.46686554 14.04316521 1 10 1281
47.55646515 12.50152111 1 10 1282
-3.70087934 -10.92859840 1 10 1283
-32.28329468 -9.88610077 1 11 1284
-37.91268158 -17.35099030 1 11 1285
-48.24898148 10.21487236 1 11 1286
-45.35261154 14.09264660 1 11 1287
-44.65551376 16.95193100 1 11 1288
-40.59245682 16.01414299 1 11 1289
-43.99928284 12.00430584 1 11 1290
-50.75275421 -14.82701492 1 11 1291
-50.92721176 -18.16593933 1 11 1292
-48.18063736 -20.69322395 1 11 1293
-45.94986343 -20.13998985 1 11 1294
-42.92828369 -20.13843727 1 11 1295
-50.52864075 8.09510326 1 11 1296
-49.39811707 8.11268997 1 11 1297
-47.65389633 11.55703831 1 11 1298
-45.70410156 15.13570118 1 11 1299
-43.01961136 16.62258339 1 11 1300
-42.36051178 18.49248886 1 11 1301
-51.53277206 -15.00743484 1 11 1302
-47.77033997 -19.14038849 1 11 1303
-29.30055618 -22.73868370 1 11 1304
-35.56832123 -25.11017418 1 11 1305
-49.61425018 8.94118977 1 11 1306
-47.83787537 12.03741741 1 11 1307
-46.03211594 16.06859779 1 11 1308
-43.08855820 16.80200386 1 11 1309
-42.44150162 18.42977715 1 11 1310
-51.50223923 -15.03454208 1 11 1311
-47.19422913 -18.92690468 1 11 1312
-43.83279037 -19.15046692 1 11 1313
-50.06755066 8.85900402 1 11 1314
-48.12293625 12.05382824 1 11 1315
-45.96125412 15.62553978 1 11 1316
-44.04425049 16.99079704 1 11 1317
-42.37493134 17.22029495 1 11 1318
-7.78932905 -4.11586761 1 11 1319
-49.70497894 -18.64903450 1 11 1320
-46.65428543 -19.15333366 1 11 1321
-44.13614273 -19.12337112 1 11 1322
-42.52262115 -22.71319580 1 11 1323
-38.37605667 -22.83919907 1 11 1324
-46.62731934 14.10827255 1 11 1325
-44.29669189 16.34008789 1 11 1326
-43.03343201 17.54825592 1 11 1327
-8.53110886 -5.40525293 1 11 1328
-9.80108738 -3.25654960 1 11 1329
-23.65603638 -20.75186729 1 11 1330
-46.45512772 -19.11791992 1 11 1331
-43.77484512 -19.34392548 1 11 1332
-50.53856277 8.37889290 1 11 1333
-49.54717636 9.45138073 1 11 1334
-47.06568146 13.43705273 1 11 1335
-45.37005615 15.49397182 1 11 1336
-42.74855423 15.73702717 1 11 1337
-41.61428070 19.46408081 1 11 1338
-7.88322163 -4.05288601 1 11 1339
-22.80843544 -20.75699806 1 11 1340
-27.98047066 -22.21476173 1 11 1341
-34.78201675 -24.66978264 1 11 1342
-36.64902878 -24.30990791 1 11 1343
-48.52118683 11.17185783 1 11 1344
-24.50855827 19.40646935 1 11 1345
-19.58759499 17.71060753 1 11 1346
-21.94703102 12.08570480 1 11 1347
-6.71025753 -5.53811312 1 11 1348
-7.40167236 -8.32628727 1 11 1349
-51.06432724 -18.95146370 1 11 1350
-27.51478577 -23.54078293 1 11 1351
-35.07711411 -24.67900467 1 11 1352
-36.57129288 -24.18277740 1 11 1353
-37.18402100 -22.37352180 1 11 1354
-4.32148552 12.90916443 1 11 1355
-26.18516731 20.43682289 1 11 1356
-25.21175575 20.47044373 1 11 1357
-24.47643280 20.44735718 1 11 1358
-19.74187088 16.14518166 1 11 1359
-20.82122421 14.70255852 1 11 1360
-18.59844780 8.68854427 1 11 1361
-1.04798067 -12.05302048 1 11 1362
-11.13930607 -11.88014507 1 11 1363
-49.36331940 -19.13429070 1 11 1364
-46.58082962 -15.21085835 1 11 1365
-45.83423996 -20.07870102 1 11 1366
-41.04241943 -21.49851990 1 11 1367
-40.92292404 -4.99358606 1 11 1368
-41.67887878 -6.03555727 1 11 1369
-0.43309292 13.74321270 1 11 1370
2.68559861 10.75892639 1 11 1371
-5.97236586 13.79128456 1 11 1372
-24.85705376 20.28438950 1 11 1373
-21.27418137 19.75697327 1 11 1374
3.58653021 2.78988099 1 11 1375
2.25308871 4.24713135 1 11 1376
-18.73744011 15.45164490 1 11 1377
0.99280810 3.44082928 1 11 1378
2.22872019 1.19745934 1 11 1379
2.91188860 -0.51822495 1 11 1380
0.78340185 2.03896117 1 11 1381
1.76437426 2.55541420 1 11 1382
1.88858855 2.83197236 1 11 1383
2.16244769 2.23783183 1 11 1384
2.63507080 2.58979964 1 11 1385
2.64700246 3.20379639 1 11 1386
2.71732473 3.65141320 1 11 1387
7.96002531 6.01972055 1 11 1388
18.22716331 -4.63879538 1 11 1389
3.94541764 8.78395081 1 11 1390
4.60250854 10.96412659 1 11 1391
2.09522891 11.56847382 1 11 1392
-43.00020218 5.97940731 1 11 1393
-9.42221069 14.91138458 1 11 1394
-4.31979227 2.27690554 1 12 1395
16.78840446 -3.66295171 1 12 1396
-6.37196064 8.20243168 1 12 1397
-5.21121836 -2.22666478 1 12 1398
-3.63846827 26.62849998 1 12 1399
-8.42911911 -19.20074463 1 12 1400
-28.58402443 -7.24620008 1 12 1401
-25.18242073 -9.33672142 1 12 1402
-36.81137848 -13.15071964 1 12 1403
-34.09817123 15.83266068 1 12 1404
-7.80878353 17.61663628 1 12 1405
-0.12444881 9.43095970 1 12 1406
1.16880727 11.60189629 1 12 1407
-23.43588638 11.33942127 1 12 1408
-17.30037117 8.63607883 1 12 1409
-12.19521332 -0.92051786 1 12 1410
-27.25467300 3.06241965 1 12 1411
-24.98783112 1.60553086 1 12 1412
-17.43177795 1.45348871 1 12 1413
-30.95357513 -7.65493011 1 12 1414
-17.35980988 -9.89693165 1 12 1415
-31.03989410 -3.70354581 1 12 1416
-22.72388649 -11.37219715 1 12 1417
-29.77787971 -16.58528328 1 12 1418
-36.38732147 -3.60769582 1 12 1419
-13.88798237 -19.18230438 1 12 1420
-39.44765854 -6.61497641 1 12 1421
-45.70186234 -7.42188025 1 12 1422
-46.49553299 -0.85815382 1 12 1423
-32.85697174 1.87871015 1 12 1424
-38.42998505 -3.31560922 1 12 1425
-43.29713058 -3.18156195 1 12 1426
-48.91326523 6.79568529 1 12 1427
-35.95749283 -7.20659924 1 12 1428
-31.82868195 11.79394436 1 12 1429
-29.16240692 0.92917651 1 12 1430
-36.47127914 3.41374731 1 12 1431
-39.83059692 -4.28171635 1 12 1432
-40.77801132 5.60449171 1 12 1433
-31.36985970 4.65700054 1 12 1434
-10.34391308 6.68418360 1 12 1435
-11.56426525 3.85041165 1 12 1436
-14.74069023 0.95943099 1 12 1437
-12.56507397 5.06597519 1 12 1438
-31.82941437 0.20288730 1 12 1439
-40.34583664 11.76227379 1 12 1440
-5.62581682 5.32019234 1 12 1441
-27.86095428 -0.47707838 1 12 1442
-33.45254898 0.30195224 1 12 1443
-27.95968437 -2.18188739 1 12 1444
-23.47565651 -8.58225060 1 12 1445
-14.49695396 -6.97174931 1 12 1446
-13.76285362 -10.75843430 1 12 1447
-27.29006767 -8.23780727 1 12 1448
-48.04140854 2.63672829 1 12 1449
-34.63276672 -4.60129023 1 12 1450
-28.80770111 0.86374807 1 12 1451
-34.67652130 -4.74465847 1 12 1452
-13.33799648 -17.56260300 1 12 1453
-17.73590279 -8.21260643 1 13 1454
-15.17026234 2.84386969 1 13 1455
-7.17080641 9.63818073 1 13 1456
-13.06518650 -17.09744072 1 13 1457
-42.39972687 4.64313459 1 13 1458
-24.30579376 -9.83248520 1 13 1459
-21.13261223 -12.62676144 1 13 1460
-31.62894440 -2.14587426 1 13 1461
-32.55997467 -4.68839025 1 13 1462
-36.22139359 -2.57496643 1 13 1463
-44.18544388 -0.89943790 1 13 1464
-34.44282532 -0.69788992 1 13 1465
-28.17951965 1.59975290 1 13 1466
-31.75976181 0.53503823 1 13 1467
-29.42990494 -4.86330414 1 13 1468
-18.83693123 -0.22255017 1 13 1469
-30.83795738 4.57010412 1 13 1470
-27.35154724 -2.59685731 1 13 1471
-45.38279724 2.51711249 1 13 1472
-24.77663231 -2.25562453 1 13 1473
-8.11697006 1.56570089 1 13 1474
-13.87148190 8.32451916 1 13 1475
-35.57888031 -2.58186722 1 13 1476
-34.24275970 0.44372091 1 13 1477
-39.16845322 4.99238396 1 13 1478
-15.56316185 4.94129181 1 13 1479
-46.94578934 -3.30838132 1 13 1480
-36.45522690 -0.59152800 1 13 1481
-44.31020355 1.49710155 1 13 1482
-35.59568024 0.39044815 1 13 1483
-33.93211746 -2.68963909 1 13 1484
-30.49633598 -6.64098644 1 13 1485
-23.70008278 -14.72654533 1 13 1486
-17.43571281 -12.75288582 1 13 1487
-10.68372059 -5.67673635 1 13 1488
-4.77717638 26.26245499 1 13 1489
-16.23768044 0.07368217 1 13 1490
-27.02439117 -4.81491804 1 13 1491
-29.62707710 -3.87366009 1 13 1492
-13.47057056 5.87108326 1 13 1493
-8.07280922 -1.01265645 1 13 1494
-25.79419708 -0.49713278 1 13 1495
-14.13129139 -7.82616282 1 13 1496
-42.66305542 4.12310076 1 13 1497
-27.20626450 -7.49871349 1 13 1498
-14.67070961 0.88998908 1 13 1499
-10.08105183 0.62690103 1 13 1500
-38.89950180 -1.87032974 1 13 1501
-25.70198250 -3.60035181 1 13 1502
-43.88028717 2.22583222 1 13 1503
-29.47752762 -1.59582889 1 13 1504
-28.20672798 -0.44174722 1 13 1505
-19.30370140 -14.24142933 1 13 1506
-15.21325874 -12.43551445 1 13 1507
-5.09334898 -2.02309132 1 13 1508
-16.81656456 -10.20263004 1 13 1509
-33.81707764 -0.95602280 1 13 1510
-29.80684471 -6.86453295 1 13 1511
-35.04257584 -12.87453079 1 13 1512
-27.78746223 -5.81608772 1 13 1513
-33.03280258 -4.18648052 1 13 1514
-26.24409676 -11.78007317 1 13 1515
-44.72558594 1.77928615 1 13 1516
-33.63804626 -1.82267976 1 13 1517
-36.70961761 -2.26377296 1 13 1518
-29.96401978 -2.65511179 1 13 1519
-21.26325226 -8.20902443 1 13 1520
-3.90207505 26.48096275 1 13 1521
-2.53174472 5.95307350 1 13 1522
-7.53710842 1.31871641 1 13 1523
-17.38817596 -12.74603367 1 13 1524
-11.35695457 10.07286263 1 13 1525
-30.71273422 -11.61454678 1 13 1526
-41.42403030 -1.95724618 1 13 1527
-27.11501122 -6.08419418 1 13 1528
-32.53073120 -2.33207035 1 13 1529
-33.32786942 -5.95338345 1 13 1530
-30.84745026 6.74618244 1 20 1531
-36.80143356 -7.13447571 1 20 1532
-24.69346237 -15.86890793 1 20 1533
-35.38627243 -14.79844666 1 20 1534
-21.55174255 -6.96447992 1 20 1535
-22.11466980 -9.48488331 1 20 1536
-24.79633713 6.11514616 1 20 1537
-37.81741714 8.90657806 1 20 1538
-40.27917480 7.18262529 1 20 1539
-35.63608932 -10.77793980 1 20 1540
-27.76148796 -10.98697472 1 20 1541
-42.75365448 -1.19079006 1 20 1542
-42.77076340 9.65350437 1 20 1543
-40.82571030 9.99480629 1 20 1544
-41.05052185 6.45030546 1 20 1545
-41.21133804 8.29462147 1 20 1546
-32.84728622 12.45312119 1 20 1547
-4.57763624 6.91620111 1 20 1548
-13.62463379 -19.93253326 1 20 1549
-15.61391354 -21.77654648 1 20 1550
-22.83708000 -9.09906292 1 20 1551
-18.69048882 -16.67555046 1 20 1552
-12.66891098 -8.34682274 1 20 1553
-20.98986244 1.28796864 1 20 1554
-22.52468872 2.24616218 1 20 1555
-20.45329666 6.37876272 1 20 1556
-24.55465889 9.31171513 1 20 1557
-16.92343712 10.21336365 1 20 1558
-16.30314636 11.54717541 1 20 1559
-11.49642277 15.55028343 1 20 1560
-6.61525869 16.01548767 1 20 1561
-35.01329803 -5.98636341 1 20 1562
-38.54470062 -10.68992138 1 20 1563
-35.38016891 -14.87817383 1 20 1564
-40.22895432 -2.35184646 1 20 1565
-24.24153328 -4.83518887 1 20 1566
-22.85975838 1.76439404 1 20 1567
-16.46179771 11.41011333 1 20 1568
-37.91380310 1.14158309 1 20 1569
0.15586708 22.01175690 1 20 1570
-2.15509462 9.94774914 1 20 1571
-31.72661400 -19.54331779 1 20 1572
-27.03264809 -17.20536613 1 20 1573
-9.54752636 -14.41094112 1 20 1574
-12.10819912 -11.46486950 1 20 1575
-23.20813942 7.49101973 1 20 1576
-34.44093323 14.65951729 1 20 1577
-34.43061447 13.53810978 1 20 1578
-40.47862625 -8.09394932 1 20 1579
-33.24835587 -9.25648785 1 20 1580
-33.93177414 -10.87455177 1 20 1581
-20.11534500 -11.26857853 1 20 1582
-23.39184952 -6.49523592 1 20 1583
-22.63660812 6.73353434 1 20 1584
-20.52608871 5.64002132 1 20 1585
-12.60549545 17.03601456 1 20 1586
-15.03977108 11.55434227 1 20 1587
-42.48594284 4.60202980 1 20 1588
-17.61079597 13.61307621 1 21 1589
-14.27698994 -4.79414701 1 21 1590
-12.44849396 -14.13199997 1 21 1591
-30.22977448 -14.50861168 1 21 1592
-32.75180435 -13.37160110 1 21 1593
-45.23972702 -6.47892189 1 21 1594
-30.12922096 14.24875069 1 21 1595
-25.57737350 12.99342918 1 21 1596
-25.42419624 11.75264740 1 21 1597
-15.78339386 -2.69874001 1 21 1598
-15.57375526 -2.50390959 1 21 1599
-18.51552773 -6.65916872 1 21 1600
-46.43683624 -12.95984936 1 21 1601
-49.09352493 -12.63327312 1 21 1602
-52.22190475 -10.64758396 1 21 1603
-46.25347519 -15.44784737 1 21 1604
-44.73325729 -16.18519783 1 21 1605
-44.12375259 -16.74642944 1 21 1606
-40.97912598 -17.07605171 1 21 1607
-33.25077057 -22.14711761 1 21 1608
-39.14817429 0.45450446 1 21 1609
-40.85427094 -11.00512123 1 21 1610
-39.04889297 -19.38326454 1 21 1611
-43.18934631 -4.65672779 1 21 1612
-44.49098587 -4.28355169 1 21 1613
-45.34049225 -7.34451485 1 21 1614
-42.09903336 -10.33519268 1 21 1615
-41.83281326 -8.91720772 1 21 1616
-38.77238083 0.70775193 1 21 1617
-40.52872849 -27.14234161 1 21 1618
-43.06178665 -4.77130985 1 21 1619
-32.99003983 -19.43423462 1 21 1620
-38.49053955 -15.76697636 1 21 1621
-41.04783249 -13.84501934 1 21 1622
-42.44979477 -15.22294140 1 21 1623
-48.60328293 -12.77348900 1 21 1624
-52.14811707 -10.52134895 1 21 1625
-21.48743248 -3.58643794 1 21 1626
-21.41756821 -4.54677629 1 21 1627
-22.35922813 -0.56157631 1 21 1628
-15.30435562 -2.13358355 1 21 1629
14.42900562 -3.15826893 1 21 1630
-15.93502045 12.59819317 1 21 1631
-30.07429886 12.97879028 1 21 1632
-29.35349274 3.55245757 1 21 1633
-39.68471909 1.67959535 1 21 1634
-41.16966248 -12.04336166 1 21 1635
-42.01032639 -15.16611290 1 21 1636
-44.57746124 -14.90881824 1 21 1637
-48.17101669 -12.52931213 1 21 1638
-41.90355682 10.49920368 1 21 1639
-41.57077408 11.62370586 1 21 1640
-40.13245773 13.07401943 1 21 1641
-40.04946518 11.00035667 1 21 1642
-40.90576935 8.67719078 1 21 1643
-29.29584503 18.78850174 1 21 1644
-29.14613724 19.06958199 1 21 1645
-39.01525497 0.75428712 1 21 1646
-40.52078247 -27.15488815 1 21 1647
-31.89944839 -19.66577721 1 21 1648
-39.14632416 -14.65112686 1 21 1649
-46.29517365 -14.67724514 1 21 1650
-48.43384933 -13.62453938 1 21 1651
-49.68980789 -15.55552769 1 21 1652
-50.19213104 -4.07955408 1 21 1653
-41.58600616 13.77413464 1 21 1654
-40.13910675 12.52452850 1 21 1655
-39.90036011 11.19186783 1 21 1656
-39.38102722 8.70744896 1 21 1657
-39.41836929 7.96806908 1 21 1658
